0.000000 0.000000
0.006669 0.000000
0.013338 0.000000
0.020007 0.000001
0.026676 0.000001
0.033344 0.000001
0.040013 0.000002
0.046682 0.000003
0.053351 0.000004
0.060020 0.000005
0.066689 0.000006
0.073358 0.000007
0.080027 0.000008
0.086696 0.000009
0.093364 0.000010
0.100033 0.000012
0.106702 0.000013
0.113371 0.000014
0.120040 0.000015
0.126709 0.000017
0.133378 0.000018
0.140047 0.000019
0.146716 0.000021
0.153384 0.000022
0.160053 0.000023
0.166722 0.000024
0.173391 0.000025
0.180060 0.000026
0.186729 0.000027
0.193398 0.000028
0.200067 0.000029
0.206736 0.000030
0.213404 0.000031
0.220073 0.000031
0.226742 0.000032
0.233411 0.000033
0.240080 0.000033
0.246749 0.000034
0.253418 0.000034
0.260087 0.000034
0.266756 0.000035
0.273424 0.000035
0.280093 0.000036
0.286762 0.000036
0.293431 0.000036
0.300100 0.000037
0.306769 0.000037
0.313438 0.000038
0.320107 0.000038
0.326776 0.000039
0.333444 0.000039
0.340113 0.000040
0.346782 0.000041
0.353451 0.000041
0.360120 0.000042
0.366789 0.000043
0.373458 0.000044
0.380127 0.000045
0.386796 0.000046
0.393464 0.000047
0.400133 0.000048
0.406802 0.000049
0.413471 0.000050
0.420140 0.000051
0.426809 0.000052
0.433478 0.000053
0.440147 0.000054
0.446816 0.000055
0.453484 0.000056
0.460153 0.000057
0.466822 0.000058
0.473491 0.000058
0.480160 0.000059
0.486829 0.000060
0.493498 0.000060
0.500167 0.000061
0.506836 0.000061
0.513505 0.000061
0.520173 0.000061
0.526842 0.000061
0.533511 0.000061
0.540180 0.000060
0.546849 0.000060
0.553518 0.000059
0.560187 0.000058
0.566856 0.000057
0.573525 0.000056
0.580193 0.000055
0.586862 0.000054
0.593531 0.000052
0.600200 0.000051
0.606869 0.000049
0.613538 0.000048
0.620207 0.000046
0.626876 0.000044
0.633545 0.000043
0.640213 0.000041
0.646882 0.000039
0.653551 0.000037
0.660220 0.000036
0.666889 0.000034
0.673558 0.000033
0.680227 0.000031
0.686896 0.000030
0.693565 0.000029
0.700233 0.000028
0.706902 0.000027
0.713571 0.000026
0.720240 0.000026
0.726909 0.000025
0.733578 0.000025
0.740247 0.000025
0.746916 0.000025
0.753585 0.000026
0.760253 0.000026
0.766922 0.000027
0.773591 0.000028
0.780260 0.000029
0.786929 0.000030
0.793598 0.000031
0.800267 0.000033
0.806936 0.000034
0.813605 0.000036
0.820273 0.000037
0.826942 0.000039
0.833611 0.000041
0.840280 0.000042
0.846949 0.000044
0.853618 0.000046
0.860287 0.000047
0.866956 0.000049
0.873625 0.000050
0.880293 0.000051
0.886962 0.000052
0.893631 0.000053
0.900300 0.000053
0.906969 0.000054
0.913638 0.000054
0.920307 0.000054
0.926976 0.000053
0.933645 0.000053
0.940313 0.000052
0.946982 0.000051
0.953651 0.000049
0.960320 0.000047
0.966989 0.000045
0.973658 0.000043
0.980327 0.000040
0.986996 0.000038
0.993665 0.000035
1.000333 0.000031
1.007002 0.000028
1.013671 0.000024
1.020340 0.000020
1.027009 0.000016
1.033678 0.000012
1.040347 0.000008
1.047016 0.000004
1.053685 -0.000000
1.060353 -0.000005
1.067022 -0.000009
1.073691 -0.000013
1.080360 -0.000017
1.087029 -0.000021
1.093698 -0.000025
1.100367 -0.000028
1.107036 -0.000032
1.113705 -0.000035
1.120373 -0.000038
1.127042 -0.000041
1.133711 -0.000044
1.140380 -0.000046
1.147049 -0.000048
1.153718 -0.000050
1.160387 -0.000052
1.167056 -0.000053
1.173725 -0.000054
1.180393 -0.000055
1.187062 -0.000055
1.193731 -0.000056
1.200400 -0.000056
1.207069 -0.000056
1.213738 -0.000056
1.220407 -0.000055
1.227076 -0.000055
1.233745 -0.000054
1.240413 -0.000053
1.247082 -0.000053
1.253751 -0.000052
1.260420 -0.000051
1.267089 -0.000051
1.273758 -0.000050
1.280427 -0.000050
1.287096 -0.000049
1.293765 -0.000049
1.300433 -0.000049
1.307102 -0.000049
1.313771 -0.000050
1.320440 -0.000051
1.327109 -0.000052
1.333778 -0.000053
1.340447 -0.000055
1.347116 -0.000057
1.353785 -0.000059
1.360453 -0.000062
1.367122 -0.000064
1.373791 -0.000068
1.380460 -0.000071
1.387129 -0.000075
1.393798 -0.000079
1.400467 -0.000083
1.407136 -0.000088
1.413805 -0.000092
1.420473 -0.000097
1.427142 -0.000102
1.433811 -0.000107
1.440480 -0.000112
1.447149 -0.000117
1.453818 -0.000122
1.460487 -0.000127
1.467156 -0.000132
1.473825 -0.000137
1.480493 -0.000142
1.487162 -0.000146
1.493831 -0.000150
1.500500 -0.000154
1.507169 -0.000158
1.513838 -0.000161
1.520507 -0.000164
1.527176 -0.000166
1.533845 -0.000168
1.540514 -0.000169
1.547182 -0.000171
1.553851 -0.000171
1.560520 -0.000171
1.567189 -0.000171
1.573858 -0.000170
1.580527 -0.000169
1.587196 -0.000167
1.593865 -0.000164
1.600534 -0.000162
1.607202 -0.000159
1.613871 -0.000155
1.620540 -0.000151
1.627209 -0.000147
1.633878 -0.000143
1.640547 -0.000138
1.647216 -0.000133
1.653885 -0.000128
1.660554 -0.000123
1.667222 -0.000117
1.673891 -0.000112
1.680560 -0.000107
1.687229 -0.000101
1.693898 -0.000096
1.700567 -0.000091
1.707236 -0.000086
1.713905 -0.000082
1.720574 -0.000077
1.727242 -0.000073
1.733911 -0.000070
1.740580 -0.000066
1.747249 -0.000063
1.753918 -0.000060
1.760587 -0.000058
1.767256 -0.000056
1.773925 -0.000055
1.780594 -0.000054
1.787262 -0.000053
1.793931 -0.000053
1.800600 -0.000053
1.807269 -0.000054
1.813938 -0.000055
1.820607 -0.000056
1.827276 -0.000058
1.833945 -0.000060
1.840614 -0.000062
1.847282 -0.000064
1.853951 -0.000066
1.860620 -0.000069
1.867289 -0.000071
1.873958 -0.000074
1.880627 -0.000076
1.887296 -0.000079
1.893965 -0.000081
1.900634 -0.000083
1.907302 -0.000085
1.913971 -0.000087
1.920640 -0.000088
1.927309 -0.000089
1.933978 -0.000090
1.940647 -0.000090
1.947316 -0.000090
1.953985 -0.000090
1.960654 -0.000089
1.967322 -0.000087
1.973991 -0.000086
1.980660 -0.000083
1.987329 -0.000080
1.993998 -0.000077
2.000667 -0.000074
2.007336 -0.000069
2.014005 -0.000065
2.020674 -0.000060
2.027342 -0.000055
2.034011 -0.000050
2.040680 -0.000044
2.047349 -0.000038
2.054018 -0.000032
2.060687 -0.000026
2.067356 -0.000019
2.074025 -0.000013
2.080694 -0.000007
2.087362 -0.000001
2.094031 0.000005
2.100700 0.000011
2.107369 0.000017
2.114038 0.000022
2.120707 0.000027
2.127376 0.000031
2.134045 0.000036
2.140714 0.000039
2.147382 0.000043
2.154051 0.000045
2.160720 0.000047
2.167389 0.000049
2.174058 0.000050
2.180727 0.000051
2.187396 0.000051
2.194065 0.000050
2.200734 0.000049
2.207402 0.000047
2.214071 0.000045
2.220740 0.000043
2.227409 0.000040
2.234078 0.000036
2.240747 0.000032
2.247416 0.000028
2.254085 0.000024
2.260754 0.000019
2.267422 0.000015
2.274091 0.000010
2.280760 0.000005
2.287429 0.000000
2.294098 -0.000004
2.300767 -0.000009
2.307436 -0.000013
2.314105 -0.000017
2.320774 -0.000021
2.327442 -0.000025
2.334111 -0.000028
2.340780 -0.000030
2.347449 -0.000032
2.354118 -0.000034
2.360787 -0.000035
2.367456 -0.000035
2.374125 -0.000035
2.380794 -0.000035
2.387462 -0.000033
2.394131 -0.000031
2.400800 -0.000029
2.407469 -0.000026
2.414138 -0.000022
2.420807 -0.000018
2.427476 -0.000013
2.434145 -0.000008
2.440814 -0.000002
2.447482 0.000004
2.454151 0.000010
2.460820 0.000017
2.467489 0.000024
2.474158 0.000031
2.480827 0.000038
2.487496 0.000045
2.494165 0.000052
2.500834 0.000059
2.507503 0.000065
2.514171 0.000072
2.520840 0.000078
2.527509 0.000083
2.534178 0.000089
2.540847 0.000093
2.547516 0.000098
2.554185 0.000101
2.560854 0.000104
2.567523 0.000106
2.574191 0.000108
2.580860 0.000109
2.587529 0.000109
2.594198 0.000108
2.600867 0.000107
2.607536 0.000105
2.614205 0.000102
2.620874 0.000099
2.627543 0.000095
2.634211 0.000090
2.640880 0.000084
2.647549 0.000078
2.654218 0.000072
2.660887 0.000065
2.667556 0.000057
2.674225 0.000050
2.680894 0.000042
2.687563 0.000034
2.694231 0.000025
2.700900 0.000017
2.707569 0.000009
2.714238 0.000001
2.720907 -0.000007
2.727576 -0.000015
2.734245 -0.000023
2.740914 -0.000030
2.747583 -0.000037
2.754251 -0.000043
2.760920 -0.000049
2.767589 -0.000054
2.774258 -0.000058
2.780927 -0.000062
2.787596 -0.000065
2.794265 -0.000068
2.800934 -0.000070
2.807603 -0.000071
2.814271 -0.000071
2.820940 -0.000071
2.827609 -0.000070
2.834278 -0.000068
2.840947 -0.000066
2.847616 -0.000063
2.854285 -0.000059
2.860954 -0.000056
2.867623 -0.000051
2.874291 -0.000046
2.880960 -0.000041
2.887629 -0.000036
2.894298 -0.000031
2.900967 -0.000025
2.907636 -0.000020
2.914305 -0.000014
2.920974 -0.000009
2.927643 -0.000004
2.934311 0.000001
2.940980 0.000006
2.947649 0.000010
2.954318 0.000014
2.960987 0.000017
2.967656 0.000020
2.974325 0.000022
2.980994 0.000024
2.987663 0.000025
2.994331 0.000025
3.001000 0.000024
3.007669 0.000023
3.014338 0.000021
3.021007 0.000018
3.027676 0.000015
3.034345 0.000011
3.041014 0.000007
3.047683 0.000001
3.054351 -0.000004
3.061020 -0.000011
3.067689 -0.000017
3.074358 -0.000025
3.081027 -0.000032
3.087696 -0.000040
3.094365 -0.000047
3.101034 -0.000055
3.107703 -0.000063
3.114371 -0.000071
3.121040 -0.000079
3.127709 -0.000086
3.134378 -0.000094
3.141047 -0.000100
3.147716 -0.000107
3.154385 -0.000113
3.161054 -0.000118
3.167723 -0.000123
3.174391 -0.000127
3.181060 -0.000130
3.187729 -0.000133
3.194398 -0.000135
3.201067 -0.000136
3.207736 -0.000136
3.214405 -0.000135
3.221074 -0.000134
3.227743 -0.000131
3.234411 -0.000128
3.241080 -0.000124
3.247749 -0.000120
3.254418 -0.000114
3.261087 -0.000109
3.267756 -0.000102
3.274425 -0.000095
3.281094 -0.000087
3.287763 -0.000080
3.294431 -0.000071
3.301100 -0.000063
3.307769 -0.000055
3.314438 -0.000046
3.321107 -0.000038
3.327776 -0.000029
3.334445 -0.000021
3.341114 -0.000013
3.347783 -0.000006
3.354451 0.000001
3.361120 0.000008
3.367789 0.000013
3.374458 0.000019
3.381127 0.000023
3.387796 0.000027
3.394465 0.000029
3.401134 0.000031
3.407803 0.000033
3.414471 0.000033
3.421140 0.000032
3.427809 0.000030
3.434478 0.000028
3.441147 0.000025
3.447816 0.000020
3.454485 0.000015
3.461154 0.000010
3.467823 0.000003
3.474491 -0.000004
3.481160 -0.000011
3.487829 -0.000020
3.494498 -0.000028
3.501167 -0.000037
3.507836 -0.000046
3.514505 -0.000056
3.521174 -0.000065
3.527843 -0.000075
3.534512 -0.000084
3.541180 -0.000093
3.547849 -0.000102
3.554518 -0.000110
3.561187 -0.000118
3.567856 -0.000125
3.574525 -0.000132
3.581194 -0.000138
3.587863 -0.000144
3.594532 -0.000148
3.601200 -0.000152
3.607869 -0.000154
3.614538 -0.000156
3.621207 -0.000157
3.627876 -0.000157
3.634545 -0.000156
3.641214 -0.000154
3.647883 -0.000152
3.654552 -0.000148
3.661220 -0.000143
3.667889 -0.000138
3.674558 -0.000132
3.681227 -0.000125
3.687896 -0.000118
3.694565 -0.000110
3.701234 -0.000102
3.707903 -0.000093
3.714572 -0.000084
3.721240 -0.000075
3.727909 -0.000066
3.734578 -0.000057
3.741247 -0.000048
3.747916 -0.000039
3.754585 -0.000030
3.761254 -0.000022
3.767923 -0.000014
3.774592 -0.000007
3.781260 -0.000001
3.787929 0.000005
3.794598 0.000010
3.801267 0.000014
3.807936 0.000017
3.814605 0.000019
3.821274 0.000020
3.827943 0.000021
3.834612 0.000020
3.841280 0.000019
3.847949 0.000016
3.854618 0.000013
3.861287 0.000008
3.867956 0.000003
3.874625 -0.000003
3.881294 -0.000010
3.887963 -0.000017
3.894632 -0.000025
3.901300 -0.000033
3.907969 -0.000042
3.914638 -0.000051
3.921307 -0.000061
3.927976 -0.000070
3.934645 -0.000080
3.941314 -0.000089
3.947983 -0.000099
3.954652 -0.000108
3.961320 -0.000116
3.967989 -0.000124
3.974658 -0.000132
3.981327 -0.000139
3.987996 -0.000145
3.994665 -0.000150
4.001334 -0.000154
4.008003 -0.000157
4.014672 -0.000159
4.021340 -0.000160
4.028009 -0.000160
4.034678 -0.000159
4.041347 -0.000157
4.048016 -0.000154
4.054685 -0.000149
4.061354 -0.000144
4.068023 -0.000137
4.074692 -0.000130
4.081360 -0.000121
4.088029 -0.000112
4.094698 -0.000102
4.101367 -0.000091
4.108036 -0.000079
4.114705 -0.000067
4.121374 -0.000054
4.128043 -0.000042
4.134712 -0.000028
4.141380 -0.000015
4.148049 -0.000002
4.154718 0.000011
4.161387 0.000024
4.168056 0.000036
4.174725 0.000048
4.181394 0.000060
4.188063 0.000071
4.194732 0.000081
4.201400 0.000090
4.208069 0.000099
4.214738 0.000106
4.221407 0.000112
4.228076 0.000118
4.234745 0.000122
4.241414 0.000125
4.248083 0.000127
4.254752 0.000128
4.261420 0.000127
4.268089 0.000126
4.274758 0.000123
4.281427 0.000120
4.288096 0.000115
4.294765 0.000110
4.301434 0.000103
4.308103 0.000096
4.314772 0.000088
4.321440 0.000080
4.328109 0.000071
4.334778 0.000061
4.341447 0.000052
4.348116 0.000042
4.354785 0.000032
4.361454 0.000022
4.368123 0.000013
4.374792 0.000003
4.381460 -0.000006
4.388129 -0.000014
4.394798 -0.000022
4.401467 -0.000029
4.408136 -0.000035
4.414805 -0.000041
4.421474 -0.000045
4.428143 -0.000049
4.434812 -0.000052
4.441480 -0.000053
4.448149 -0.000054
4.454818 -0.000053
4.461487 -0.000052
4.468156 -0.000049
4.474825 -0.000045
4.481494 -0.000041
4.488163 -0.000035
4.494832 -0.000028
4.501501 -0.000021
4.508169 -0.000013
4.514838 -0.000004
4.521507 0.000005
4.528176 0.000015
4.534845 0.000025
4.541514 0.000035
4.548183 0.000045
4.554852 0.000056
4.561521 0.000066
4.568189 0.000076
4.574858 0.000086
4.581527 0.000095
4.588196 0.000104
4.594865 0.000112
4.601534 0.000119
4.608203 0.000125
4.614872 0.000130
4.621541 0.000134
4.628209 0.000137
4.634878 0.000139
4.641547 0.000140
4.648216 0.000139
4.654885 0.000137
4.661554 0.000134
4.668223 0.000130
4.674892 0.000124
4.681561 0.000117
4.688229 0.000109
4.694898 0.000099
4.701567 0.000089
4.708236 0.000078
4.714905 0.000066
4.721574 0.000053
4.728243 0.000039
4.734912 0.000025
4.741581 0.000010
4.748249 -0.000005
4.754918 -0.000020
4.761587 -0.000036
4.768256 -0.000051
4.774925 -0.000066
4.781594 -0.000081
4.788263 -0.000095
4.794932 -0.000109
4.801601 -0.000122
4.808269 -0.000134
4.814938 -0.000145
4.821607 -0.000156
4.828276 -0.000165
4.834945 -0.000173
4.841614 -0.000179
4.848283 -0.000185
4.854952 -0.000189
4.861621 -0.000192
4.868289 -0.000193
4.874958 -0.000193
4.881627 -0.000192
4.888296 -0.000189
4.894965 -0.000185
4.901634 -0.000180
4.908303 -0.000174
4.914972 -0.000166
4.921641 -0.000158
4.928309 -0.000148
4.934978 -0.000138
4.941647 -0.000127
4.948316 -0.000116
4.954985 -0.000104
4.961654 -0.000092
4.968323 -0.000080
4.974992 -0.000068
4.981661 -0.000056
4.988329 -0.000044
4.994998 -0.000032
5.001667 -0.000021
5.008336 -0.000011
5.015005 -0.000001
5.021674 0.000007
5.028343 0.000015
5.035012 0.000021
5.041681 0.000027
5.048349 0.000031
5.055018 0.000034
5.061687 0.000035
5.068356 0.000035
5.075025 0.000034
5.081694 0.000031
5.088363 0.000027
5.095032 0.000022
5.101701 0.000015
5.108369 0.000007
5.115038 -0.000002
5.121707 -0.000013
5.128376 -0.000024
5.135045 -0.000036
5.141714 -0.000050
5.148383 -0.000064
5.155052 -0.000078
5.161721 -0.000093
5.168389 -0.000109
5.175058 -0.000124
5.181727 -0.000140
5.188396 -0.000156
5.195065 -0.000171
5.201734 -0.000186
5.208403 -0.000201
5.215072 -0.000215
5.221741 -0.000228
5.228409 -0.000240
5.235078 -0.000252
5.241747 -0.000262
5.248416 -0.000271
5.255085 -0.000279
5.261754 -0.000286
5.268423 -0.000292
5.275092 -0.000296
5.281761 -0.000299
5.288429 -0.000301
5.295098 -0.000301
5.301767 -0.000300
5.308436 -0.000298
5.315105 -0.000294
5.321774 -0.000289
5.328443 -0.000284
5.335112 -0.000277
5.341781 -0.000270
5.348449 -0.000261
5.355118 -0.000252
5.361787 -0.000243
5.368456 -0.000233
5.375125 -0.000223
5.381794 -0.000213
5.388463 -0.000203
5.395132 -0.000193
5.401801 -0.000183
5.408469 -0.000174
5.415138 -0.000165
5.421807 -0.000157
5.428476 -0.000150
5.435145 -0.000144
5.441814 -0.000139
5.448483 -0.000135
5.455152 -0.000133
5.461821 -0.000132
5.468489 -0.000132
5.475158 -0.000133
5.481827 -0.000136
5.488496 -0.000140
5.495165 -0.000146
5.501834 -0.000153
5.508503 -0.000161
5.515172 -0.000171
5.521841 -0.000182
5.528510 -0.000194
5.535178 -0.000207
5.541847 -0.000221
5.548516 -0.000236
5.555185 -0.000252
5.561854 -0.000269
5.568523 -0.000286
5.575192 -0.000303
5.581861 -0.000320
5.588530 -0.000338
5.595198 -0.000355
5.601867 -0.000372
5.608536 -0.000389
5.615205 -0.000405
5.621874 -0.000420
5.628543 -0.000434
5.635212 -0.000447
5.641881 -0.000460
5.648550 -0.000471
5.655218 -0.000480
5.661887 -0.000488
5.668556 -0.000495
5.675225 -0.000500
5.681894 -0.000504
5.688563 -0.000506
5.695232 -0.000506
5.701901 -0.000504
5.708570 -0.000501
5.715238 -0.000497
5.721907 -0.000490
5.728576 -0.000483
5.735245 -0.000474
5.741914 -0.000463
5.748583 -0.000451
5.755252 -0.000439
5.761921 -0.000425
5.768590 -0.000411
5.775258 -0.000395
5.781927 -0.000380
5.788596 -0.000364
5.795265 -0.000347
5.801934 -0.000331
5.808603 -0.000315
5.815272 -0.000299
5.821941 -0.000284
5.828610 -0.000269
5.835278 -0.000255
5.841947 -0.000242
5.848616 -0.000230
5.855285 -0.000219
5.861954 -0.000209
5.868623 -0.000201
5.875292 -0.000194
5.881961 -0.000189
5.888630 -0.000185
5.895298 -0.000183
5.901967 -0.000182
5.908636 -0.000183
5.915305 -0.000186
5.921974 -0.000191
5.928643 -0.000197
5.935312 -0.000204
5.941981 -0.000213
5.948650 -0.000223
5.955318 -0.000235
5.961987 -0.000247
5.968656 -0.000261
5.975325 -0.000275
5.981994 -0.000290
5.988663 -0.000306
5.995332 -0.000322
6.002001 -0.000338
6.008670 -0.000354
6.015338 -0.000370
6.022007 -0.000386
6.028676 -0.000402
6.035345 -0.000417
6.042014 -0.000431
6.048683 -0.000444
6.055352 -0.000456
6.062021 -0.000467
6.068690 -0.000477
6.075358 -0.000485
6.082027 -0.000492
6.088696 -0.000498
6.095365 -0.000501
6.102034 -0.000504
6.108703 -0.000504
6.115372 -0.000503
6.122041 -0.000501
6.128710 -0.000496
6.135378 -0.000491
6.142047 -0.000483
6.148716 -0.000475
6.155385 -0.000465
6.162054 -0.000453
6.168723 -0.000441
6.175392 -0.000428
6.182061 -0.000414
6.188730 -0.000399
6.195398 -0.000384
6.202067 -0.000369
6.208736 -0.000353
6.215405 -0.000337
6.222074 -0.000322
6.228743 -0.000307
6.235412 -0.000292
6.242081 -0.000278
6.248750 -0.000265
6.255418 -0.000253
6.262087 -0.000242
6.268756 -0.000232
6.275425 -0.000224
6.282094 -0.000217
6.288763 -0.000212
6.295432 -0.000208
6.302101 -0.000206
6.308770 -0.000206
6.315438 -0.000207
6.322107 -0.000210
6.328776 -0.000215
6.335445 -0.000222
6.342114 -0.000230
6.348783 -0.000240
6.355452 -0.000252
6.362121 -0.000265
6.368790 -0.000279
6.375458 -0.000294
6.382127 -0.000310
6.388796 -0.000328
6.395465 -0.000346
6.402134 -0.000364
6.408803 -0.000383
6.415472 -0.000403
6.422141 -0.000422
6.428810 -0.000441
6.435478 -0.000460
6.442147 -0.000478
6.448816 -0.000496
6.455485 -0.000513
6.462154 -0.000529
6.468823 -0.000544
6.475492 -0.000557
6.482161 -0.000570
6.488830 -0.000581
6.495498 -0.000590
6.502167 -0.000598
6.508836 -0.000604
6.515505 -0.000608
6.522174 -0.000610
6.528843 -0.000611
6.535512 -0.000610
6.542181 -0.000608
6.548850 -0.000604
6.555519 -0.000598
6.562187 -0.000591
6.568856 -0.000582
6.575525 -0.000572
6.582194 -0.000561
6.588863 -0.000549
6.595532 -0.000536
6.602201 -0.000523
6.608870 -0.000509
6.615539 -0.000494
6.622207 -0.000480
6.628876 -0.000465
6.635545 -0.000451
6.642214 -0.000437
6.648883 -0.000424
6.655552 -0.000412
6.662221 -0.000400
6.668890 -0.000390
6.675559 -0.000381
6.682227 -0.000373
6.688896 -0.000367
6.695565 -0.000362
6.702234 -0.000359
6.708903 -0.000358
6.715572 -0.000359
6.722241 -0.000362
6.728910 -0.000366
6.735579 -0.000373
6.742247 -0.000381
6.748916 -0.000391
6.755585 -0.000404
6.762254 -0.000417
6.768923 -0.000433
6.775592 -0.000450
6.782261 -0.000468
6.788930 -0.000488
6.795599 -0.000509
6.802267 -0.000531
6.808936 -0.000553
6.815605 -0.000576
6.822274 -0.000600
6.828943 -0.000624
6.835612 -0.000648
6.842281 -0.000672
6.848950 -0.000695
6.855619 -0.000718
6.862287 -0.000740
6.868956 -0.000761
6.875625 -0.000781
6.882294 -0.000800
6.888963 -0.000818
6.895632 -0.000834
6.902301 -0.000848
6.908970 -0.000861
6.915639 -0.000871
6.922307 -0.000880
6.928976 -0.000887
6.935645 -0.000892
6.942314 -0.000895
6.948983 -0.000896
6.955652 -0.000895
6.962321 -0.000892
6.968990 -0.000887
6.975659 -0.000881
6.982327 -0.000873
6.988996 -0.000863
6.995665 -0.000852
7.002334 -0.000839
7.009003 -0.000826
7.015672 -0.000812
7.022341 -0.000797
7.029010 -0.000781
7.035679 -0.000765
7.042347 -0.000749
7.049016 -0.000733
7.055685 -0.000717
7.062354 -0.000702
7.069023 -0.000688
7.075692 -0.000674
7.082361 -0.000661
7.089030 -0.000649
7.095699 -0.000639
7.102367 -0.000630
7.109036 -0.000622
7.115705 -0.000617
7.122374 -0.000613
7.129043 -0.000610
7.135712 -0.000610
7.142381 -0.000612
7.149050 -0.000615
7.155719 -0.000621
7.162387 -0.000628
7.169056 -0.000637
7.175725 -0.000648
7.182394 -0.000661
7.189063 -0.000675
7.195732 -0.000691
7.202401 -0.000708
7.209070 -0.000726
7.215739 -0.000745
7.222407 -0.000765
7.229076 -0.000786
7.235745 -0.000807
7.242414 -0.000828
7.249083 -0.000850
7.255752 -0.000871
7.262421 -0.000892
7.269090 -0.000912
7.275759 -0.000932
7.282427 -0.000950
7.289096 -0.000968
7.295765 -0.000984
7.302434 -0.000999
7.309103 -0.001012
7.315772 -0.001024
7.322441 -0.001034
7.329110 -0.001042
7.335779 -0.001048
7.342447 -0.001052
7.349116 -0.001054
7.355785 -0.001054
7.362454 -0.001052
7.369123 -0.001048
7.375792 -0.001042
7.382461 -0.001034
7.389130 -0.001025
7.395799 -0.001014
7.402467 -0.001001
7.409136 -0.000987
7.415805 -0.000972
7.422474 -0.000955
7.429143 -0.000938
7.435812 -0.000921
7.442481 -0.000902
7.449150 -0.000884
7.455819 -0.000865
7.462487 -0.000847
7.469156 -0.000829
7.475825 -0.000812
7.482494 -0.000796
7.489163 -0.000780
7.495832 -0.000766
7.502501 -0.000753
7.509170 -0.000742
7.515839 -0.000732
7.522508 -0.000724
7.529176 -0.000718
7.535845 -0.000714
7.542514 -0.000713
7.549183 -0.000713
7.555852 -0.000716
7.562521 -0.000721
7.569190 -0.000728
7.575859 -0.000737
7.582528 -0.000748
7.589196 -0.000761
7.595865 -0.000777
7.602534 -0.000794
7.609203 -0.000813
7.615872 -0.000833
7.622541 -0.000855
7.629210 -0.000878
7.635879 -0.000902
7.642548 -0.000927
7.649216 -0.000953
7.655885 -0.000979
7.662554 -0.001005
7.669223 -0.001031
7.675892 -0.001057
7.682561 -0.001083
7.689230 -0.001108
7.695899 -0.001132
7.702568 -0.001155
7.709236 -0.001176
7.715905 -0.001197
7.722574 -0.001215
7.729243 -0.001232
7.735912 -0.001247
7.742581 -0.001261
7.749250 -0.001272
7.755919 -0.001281
7.762588 -0.001288
7.769256 -0.001293
7.775925 -0.001295
7.782594 -0.001296
7.789263 -0.001295
7.795932 -0.001291
7.802601 -0.001286
7.809270 -0.001278
7.815939 -0.001269
7.822608 -0.001259
7.829276 -0.001247
7.835945 -0.001234
7.842614 -0.001220
7.849283 -0.001205
7.855952 -0.001189
7.862621 -0.001173
7.869290 -0.001157
7.875959 -0.001141
7.882628 -0.001125
7.889296 -0.001109
7.895965 -0.001095
7.902634 -0.001081
7.909303 -0.001068
7.915972 -0.001056
7.922641 -0.001045
7.929310 -0.001037
7.935979 -0.001030
7.942648 -0.001024
7.949316 -0.001021
7.955985 -0.001019
7.962654 -0.001020
7.969323 -0.001023
7.975992 -0.001028
7.982661 -0.001034
7.989330 -0.001043
7.995999 -0.001054
8.002668 -0.001067
8.009336 -0.001082
8.016005 -0.001098
8.022674 -0.001116
8.029343 -0.001135
8.036012 -0.001156
8.042681 -0.001178
8.049350 -0.001200
8.056019 -0.001223
8.062688 -0.001247
8.069356 -0.001271
8.076025 -0.001295
8.082694 -0.001319
8.089363 -0.001342
8.096032 -0.001364
8.102701 -0.001386
8.109370 -0.001406
8.116039 -0.001425
8.122708 -0.001443
8.129376 -0.001459
8.136045 -0.001473
8.142714 -0.001485
8.149383 -0.001495
8.156052 -0.001503
8.162721 -0.001509
8.169390 -0.001512
8.176059 -0.001513
8.182728 -0.001511
8.189396 -0.001507
8.196065 -0.001501
8.202734 -0.001492
8.209403 -0.001481
8.216072 -0.001468
8.222741 -0.001453
8.229410 -0.001436
8.236079 -0.001418
8.242748 -0.001398
8.249416 -0.001376
8.256085 -0.001354
8.262754 -0.001330
8.269423 -0.001306
8.276092 -0.001282
8.282761 -0.001257
8.289430 -0.001233
8.296099 -0.001208
8.302768 -0.001184
8.309436 -0.001162
8.316105 -0.001140
8.322774 -0.001119
8.329443 -0.001100
8.336112 -0.001082
8.342781 -0.001066
8.349450 -0.001053
8.356119 -0.001041
8.362788 -0.001031
8.369456 -0.001024
8.376125 -0.001020
8.382794 -0.001018
8.389463 -0.001018
8.396132 -0.001021
8.402801 -0.001027
8.409470 -0.001034
8.416139 -0.001045
8.422808 -0.001057
8.429476 -0.001072
8.436145 -0.001089
8.442814 -0.001108
8.449483 -0.001128
8.456152 -0.001150
8.462821 -0.001174
8.469490 -0.001198
8.476159 -0.001223
8.482828 -0.001250
8.489496 -0.001276
8.496165 -0.001303
8.502834 -0.001329
8.509503 -0.001355
8.516172 -0.001381
8.522841 -0.001406
8.529510 -0.001430
8.536179 -0.001452
8.542848 -0.001474
8.549517 -0.001493
8.556185 -0.001511
8.562854 -0.001527
8.569523 -0.001540
8.576192 -0.001552
8.582861 -0.001561
8.589530 -0.001568
8.596199 -0.001573
8.602868 -0.001575
8.609537 -0.001575
8.616205 -0.001572
8.622874 -0.001567
8.629543 -0.001560
8.636212 -0.001551
8.642881 -0.001540
8.649550 -0.001527
8.656219 -0.001512
8.662888 -0.001496
8.669557 -0.001479
8.676225 -0.001460
8.682894 -0.001441
8.689563 -0.001421
8.696232 -0.001401
8.702901 -0.001380
8.709570 -0.001360
8.716239 -0.001340
8.722908 -0.001321
8.729577 -0.001302
8.736245 -0.001285
8.742914 -0.001269
8.749583 -0.001254
8.756252 -0.001241
8.762921 -0.001230
8.769590 -0.001221
8.776259 -0.001214
8.782928 -0.001209
8.789597 -0.001206
8.796265 -0.001206
8.802934 -0.001209
8.809603 -0.001213
8.816272 -0.001220
8.822941 -0.001230
8.829610 -0.001242
8.836279 -0.001256
8.842948 -0.001272
8.849617 -0.001291
8.856285 -0.001311
8.862954 -0.001333
8.869623 -0.001356
8.876292 -0.001381
8.882961 -0.001407
8.889630 -0.001434
8.896299 -0.001461
8.902968 -0.001489
8.909637 -0.001516
8.916305 -0.001544
8.922974 -0.001572
8.929643 -0.001598
8.936312 -0.001624
8.942981 -0.001649
8.949650 -0.001673
8.956319 -0.001695
8.962988 -0.001715
8.969657 -0.001733
8.976325 -0.001750
8.982994 -0.001764
8.989663 -0.001775
8.996332 -0.001785
9.003001 -0.001792
9.009670 -0.001796
9.016339 -0.001798
9.023008 -0.001797
9.029677 -0.001794
9.036345 -0.001789
9.043014 -0.001781
9.049683 -0.001770
9.056352 -0.001758
9.063021 -0.001744
9.069690 -0.001727
9.076359 -0.001710
9.083028 -0.001690
9.089697 -0.001670
9.096365 -0.001648
9.103034 -0.001626
9.109703 -0.001604
9.116372 -0.001581
9.123041 -0.001558
9.129710 -0.001535
9.136379 -0.001513
9.143048 -0.001492
9.149717 -0.001472
9.156385 -0.001453
9.163054 -0.001436
9.169723 -0.001421
9.176392 -0.001407
9.183061 -0.001396
9.189730 -0.001386
9.196399 -0.001379
9.203068 -0.001375
9.209737 -0.001373
9.216405 -0.001374
9.223074 -0.001377
9.229743 -0.001383
9.236412 -0.001392
9.243081 -0.001403
9.249750 -0.001417
9.256419 -0.001433
9.263088 -0.001452
9.269757 -0.001473
9.276425 -0.001496
9.283094 -0.001520
9.289763 -0.001546
9.296432 -0.001574
9.303101 -0.001602
9.309770 -0.001632
9.316439 -0.001662
9.323108 -0.001693
9.329777 -0.001724
9.336445 -0.001754
9.343114 -0.001784
9.349783 -0.001814
9.356452 -0.001842
9.363121 -0.001869
9.369790 -0.001895
9.376459 -0.001919
9.383128 -0.001942
9.389797 -0.001962
9.396465 -0.001980
9.403134 -0.001995
9.409803 -0.002009
9.416472 -0.002019
9.423141 -0.002027
9.429810 -0.002032
9.436479 -0.002034
9.443148 -0.002034
9.449817 -0.002031
9.456485 -0.002025
9.463154 -0.002016
9.469823 -0.002005
9.476492 -0.001992
9.483161 -0.001977
9.489830 -0.001959
9.496499 -0.001940
9.503168 -0.001919
9.509837 -0.001897
9.516506 -0.001874
9.523174 -0.001850
9.529843 -0.001825
9.536512 -0.001800
9.543181 -0.001775
9.549850 -0.001750
9.556519 -0.001726
9.563188 -0.001702
9.569857 -0.001680
9.576526 -0.001659
9.583194 -0.001639
9.589863 -0.001621
9.596532 -0.001606
9.603201 -0.001592
9.609870 -0.001581
9.616539 -0.001572
9.623208 -0.001566
9.629877 -0.001562
9.636546 -0.001562
9.643214 -0.001564
9.649883 -0.001569
9.656552 -0.001577
9.663221 -0.001588
9.669890 -0.001602
9.676559 -0.001618
9.683228 -0.001637
9.689897 -0.001658
9.696566 -0.001681
9.703234 -0.001706
9.709903 -0.001733
9.716572 -0.001762
9.723241 -0.001792
9.729910 -0.001823
9.736579 -0.001855
9.743248 -0.001887
9.749917 -0.001920
9.756586 -0.001952
9.763254 -0.001984
9.769923 -0.002015
9.776592 -0.002045
9.783261 -0.002073
9.789930 -0.002100
9.796599 -0.002125
9.803268 -0.002147
9.809937 -0.002167
9.816606 -0.002184
9.823274 -0.002198
9.829943 -0.002209
9.836612 -0.002216
9.843281 -0.002220
9.849950 -0.002220
9.856619 -0.002215
9.863288 -0.002207
9.869957 -0.002194
9.876626 -0.002176
9.883294 -0.002154
9.889963 -0.002128
9.896632 -0.002097
9.903301 -0.002061
9.909970 -0.002020
9.916639 -0.001974
9.923308 -0.001924
9.929977 -0.001869
9.936646 -0.001808
9.943314 -0.001743
9.949983 -0.001673
9.956652 -0.001598
9.963321 -0.001517
9.969990 -0.001431
9.976659 -0.001340
9.983328 -0.001243
9.989997 -0.001140
9.996666 -0.001032
10.003334 -0.000917
10.010003 -0.000796
10.016672 -0.000668
10.023341 -0.000532
10.030010 -0.000389
10.036679 -0.000238
10.043348 -0.000079
10.050017 0.000090
10.056686 0.000269
10.063354 0.000459
10.070023 0.000659
10.076692 0.000872
10.083361 0.001098
10.090030 0.001338
10.096699 0.001593
10.103368 0.001864
10.110037 0.002151
10.116706 0.002457
10.123374 0.002783
10.130043 0.003129
10.136712 0.003497
10.143381 0.003888
10.150050 0.004303
10.156719 0.004744
10.163388 0.005213
10.170057 0.005710
10.176726 0.006238
10.183394 0.006796
10.190063 0.007388
10.196732 0.008014
10.203401 0.008675
10.210070 0.009374
10.216739 0.010111
10.223408 0.010888
10.230077 0.011705
10.236746 0.012565
10.243414 0.013468
10.250083 0.014415
10.256752 0.015408
10.263421 0.016447
10.270090 0.017533
10.276759 0.018667
10.283428 0.019849
10.290097 0.021081
10.296766 0.022363
10.303434 0.023694
10.310103 0.025076
10.316772 0.026509
10.323441 0.027991
10.330110 0.029525
10.336779 0.031108
10.343448 0.032741
10.350117 0.034424
10.356786 0.036155
10.363454 0.037934
10.370123 0.039761
10.376792 0.041633
10.383461 0.043551
10.390130 0.045513
10.396799 0.047518
10.403468 0.049564
10.410137 0.051650
10.416806 0.053774
10.423474 0.055935
10.430143 0.058130
10.436812 0.060358
10.443481 0.062617
10.450150 0.064906
10.456819 0.067221
10.463488 0.069561
10.470157 0.071924
10.476826 0.074307
10.483494 0.076709
10.490163 0.079128
10.496832 0.081560
10.503501 0.084004
10.510170 0.086459
10.516839 0.088921
10.523508 0.091389
10.530177 0.093860
10.536846 0.096333
10.543515 0.098806
10.550183 0.101277
10.556852 0.103744
10.563521 0.106206
10.570190 0.108661
10.576859 0.111108
10.583528 0.113545
10.590197 0.115971
10.596866 0.118385
10.603535 0.120787
10.610203 0.123175
10.616872 0.125548
10.623541 0.127906
10.630210 0.130249
10.636879 0.132576
10.643548 0.134888
10.650217 0.137184
10.656886 0.139464
10.663555 0.141728
10.670223 0.143978
10.676892 0.146213
10.683561 0.148433
10.690230 0.150641
10.696899 0.152836
10.703568 0.155020
10.710237 0.157193
10.716906 0.159357
10.723575 0.161513
10.730243 0.163661
10.736912 0.165804
10.743581 0.167942
10.750250 0.170077
10.756919 0.172210
10.763588 0.174343
10.770257 0.176476
10.776926 0.178611
10.783595 0.180750
10.790263 0.182894
10.796932 0.185043
10.803601 0.187199
10.810270 0.189362
10.816939 0.191535
10.823608 0.193716
10.830277 0.195909
10.836946 0.198111
10.843615 0.200325
10.850283 0.202551
10.856952 0.204788
10.863621 0.207036
10.870290 0.209296
10.876959 0.211566
10.883628 0.213847
10.890297 0.216138
10.896966 0.218438
10.903635 0.220745
10.910303 0.223059
10.916972 0.225378
10.923641 0.227700
10.930310 0.230024
10.936979 0.232348
10.943648 0.234670
10.950317 0.236987
10.956986 0.239297
10.963655 0.241597
10.970323 0.243886
10.976992 0.246159
10.983661 0.248415
10.990330 0.250650
10.996999 0.252861
11.003668 0.255045
11.010337 0.257200
11.017006 0.259321
11.023675 0.261405
11.030343 0.263450
11.037012 0.265452
11.043681 0.267408
11.050350 0.269314
11.057019 0.271169
11.063688 0.272967
11.070357 0.274708
11.077026 0.276388
11.083695 0.278004
11.090363 0.279553
11.097032 0.281034
11.103701 0.282443
11.110370 0.283780
11.117039 0.285041
11.123708 0.286225
11.130377 0.287332
11.137046 0.288358
11.143715 0.289303
11.150383 0.290167
11.157052 0.290949
11.163721 0.291647
11.170390 0.292263
11.177059 0.292796
11.183728 0.293246
11.190397 0.293614
11.197066 0.293901
11.203735 0.294107
11.210403 0.294234
11.217072 0.294283
11.223741 0.294256
11.230410 0.294155
11.237079 0.293982
11.243748 0.293740
11.250417 0.293430
11.257086 0.293055
11.263755 0.292619
11.270423 0.292124
11.277092 0.291574
11.283761 0.290972
11.290430 0.290320
11.297099 0.289624
11.303768 0.288887
11.310437 0.288112
11.317106 0.287303
11.323775 0.286465
11.330443 0.285602
11.337112 0.284717
11.343781 0.283815
11.350450 0.282900
11.357119 0.281977
11.363788 0.281049
11.370457 0.280121
11.377126 0.279198
11.383795 0.278283
11.390463 0.277382
11.397132 0.276498
11.403801 0.275635
11.410470 0.274799
11.417139 0.273993
11.423808 0.273221
11.430477 0.272488
11.437146 0.271798
11.443815 0.271154
11.450483 0.270562
11.457152 0.270024
11.463821 0.269545
11.470490 0.269128
11.477159 0.268778
11.483828 0.268497
11.490497 0.268290
11.497166 0.268160
11.503835 0.268110
11.510504 0.268143
11.517172 0.268263
11.523841 0.268473
11.530510 0.268775
11.537179 0.269172
11.543848 0.269667
11.550517 0.270262
11.557186 0.270959
11.563855 0.271761
11.570524 0.272668
11.577192 0.273683
11.583861 0.274807
11.590530 0.276041
11.597199 0.277386
11.603868 0.278842
11.610537 0.280410
11.617206 0.282090
11.623875 0.283881
11.630544 0.285783
11.637212 0.287794
11.643881 0.289914
11.650550 0.292140
11.657219 0.294470
11.663888 0.296901
11.670557 0.299432
11.677226 0.302057
11.683895 0.304774
11.690564 0.307577
11.697232 0.310463
11.703901 0.313425
11.710570 0.316459
11.717239 0.319557
11.723908 0.322714
11.730577 0.325923
11.737246 0.329175
11.743915 0.332463
11.750584 0.335778
11.757252 0.339112
11.763921 0.342455
11.770590 0.345797
11.777259 0.349130
11.783928 0.352442
11.790597 0.355722
11.797266 0.358960
11.803935 0.362145
11.810604 0.365265
11.817272 0.368309
11.823941 0.371265
11.830610 0.374120
11.837279 0.376865
11.843948 0.379485
11.850617 0.381970
11.857286 0.384308
11.863955 0.386486
11.870624 0.388495
11.877292 0.390322
11.883961 0.391956
11.890630 0.393387
11.897299 0.394605
11.903968 0.395599
11.910637 0.396361
11.917306 0.396882
11.923975 0.397153
11.930644 0.397168
11.937312 0.396918
11.943981 0.396398
11.950650 0.395602
11.957319 0.394525
11.963988 0.393165
11.970657 0.391517
11.977326 0.389579
11.983995 0.387351
11.990664 0.384832
11.997332 0.382021
12.004001 0.378922
12.010670 0.375536
12.017339 0.371866
12.024008 0.367917
12.030677 0.363694
12.037346 0.359202
12.044015 0.354450
12.050684 0.349445
12.057352 0.344194
12.064021 0.338709
12.070690 0.332999
12.077359 0.327075
12.084028 0.320948
12.090697 0.314632
12.097366 0.308138
12.104035 0.301481
12.110704 0.294674
12.117372 0.287731
12.124041 0.280668
12.130710 0.273499
12.137379 0.266240
12.144048 0.258905
12.150717 0.251511
12.157386 0.244073
12.164055 0.236607
12.170724 0.229128
12.177392 0.221651
12.184061 0.214191
12.190730 0.206764
12.197399 0.199384
12.204068 0.192065
12.210737 0.184820
12.217406 0.177663
12.224075 0.170607
12.230744 0.163664
12.237412 0.156844
12.244081 0.150159
12.250750 0.143620
12.257419 0.137234
12.264088 0.131011
12.270757 0.124960
12.277426 0.119085
12.284095 0.113396
12.290764 0.107895
12.297432 0.102589
12.304101 0.097482
12.310770 0.092575
12.317439 0.087873
12.324108 0.083376
12.330777 0.079085
12.337446 0.075000
12.344115 0.071121
12.350784 0.067447
12.357452 0.063975
12.364121 0.060704
12.370790 0.057631
12.377459 0.054751
12.384128 0.052062
12.390797 0.049559
12.397466 0.047237
12.404135 0.045091
12.410804 0.043116
12.417472 0.041307
12.424141 0.039657
12.430810 0.038162
12.437479 0.036814
12.444148 0.035608
12.450817 0.034538
12.457486 0.033598
12.464155 0.032783
12.470824 0.032085
12.477492 0.031501
12.484161 0.031023
12.490830 0.030647
12.497499 0.030368
12.504168 0.030180
12.510837 0.030080
12.517506 0.030062
12.524175 0.030123
12.530844 0.030259
12.537513 0.030466
12.544181 0.030741
12.550850 0.031081
12.557519 0.031483
12.564188 0.031945
12.570857 0.032466
12.577526 0.033042
12.584195 0.033672
12.590864 0.034355
12.597533 0.035090
12.604201 0.035875
12.610870 0.036710
12.617539 0.037593
12.624208 0.038525
12.630877 0.039503
12.637546 0.040529
12.644215 0.041601
12.650884 0.042719
12.657553 0.043883
12.664221 0.045091
12.670890 0.046343
12.677559 0.047638
12.684228 0.048976
12.690897 0.050356
12.697566 0.051776
12.704235 0.053236
12.710904 0.054733
12.717573 0.056267
12.724241 0.057835
12.730910 0.059436
12.737579 0.061068
12.744248 0.062727
12.750917 0.064412
12.757586 0.066121
12.764255 0.067849
12.770924 0.069594
12.777593 0.071353
12.784261 0.073122
12.790930 0.074898
12.797599 0.076678
12.804268 0.078457
12.810937 0.080233
12.817606 0.082000
12.824275 0.083756
12.830944 0.085496
12.837613 0.087216
12.844281 0.088914
12.850950 0.090584
12.857619 0.092224
12.864288 0.093830
12.870957 0.095398
12.877626 0.096926
12.884295 0.098410
12.890964 0.099848
12.897633 0.101236
12.904301 0.102573
12.910970 0.103857
12.917639 0.105085
12.924308 0.106256
12.930977 0.107369
12.937646 0.108423
12.944315 0.109417
12.950984 0.110351
12.957653 0.111224
12.964321 0.112038
12.970990 0.112793
12.977659 0.113490
12.984328 0.114129
12.990997 0.114713
12.997666 0.115244
13.004335 0.115722
13.011004 0.116152
13.017673 0.116534
13.024341 0.116873
13.031010 0.117170
13.037679 0.117429
13.044348 0.117654
13.051017 0.117847
13.057686 0.118012
13.064355 0.118154
13.071024 0.118274
13.077693 0.118378
13.084361 0.118468
13.091030 0.118549
13.097699 0.118624
13.104368 0.118697
13.111037 0.118770
13.117706 0.118849
13.124375 0.118935
13.131044 0.119032
13.137713 0.119143
13.144381 0.119271
13.151050 0.119419
13.157719 0.119588
13.164388 0.119782
13.171057 0.120002
13.177726 0.120249
13.184395 0.120527
13.191064 0.120836
13.197733 0.121177
13.204401 0.121551
13.211070 0.121959
13.217739 0.122401
13.224408 0.122879
13.231077 0.123391
13.237746 0.123939
13.244415 0.124521
13.251084 0.125138
13.257753 0.125788
13.264421 0.126472
13.271090 0.127188
13.277759 0.127935
13.284428 0.128713
13.291097 0.129521
13.297766 0.130357
13.304435 0.131220
13.311104 0.132109
13.317773 0.133023
13.324441 0.133960
13.331110 0.134920
13.337779 0.135902
13.344448 0.136903
13.351117 0.137924
13.357786 0.138962
13.364455 0.140018
13.371124 0.141090
13.377793 0.142178
13.384461 0.143281
13.391130 0.144398
13.397799 0.145529
13.404468 0.146674
13.411137 0.147832
13.417806 0.149004
13.424475 0.150188
13.431144 0.151386
13.437813 0.152597
13.444481 0.153823
13.451150 0.155062
13.457819 0.156316
13.464488 0.157585
13.471157 0.158871
13.477826 0.160172
13.484495 0.161492
13.491164 0.162829
13.497833 0.164186
13.504502 0.165563
13.511170 0.166960
13.517839 0.168380
13.524508 0.169823
13.531177 0.171290
13.537846 0.172781
13.544515 0.174299
13.551184 0.175844
13.557853 0.177417
13.564522 0.179018
13.571190 0.180649
13.577859 0.182311
13.584528 0.184005
13.591197 0.185730
13.597866 0.187488
13.604535 0.189280
13.611204 0.191107
13.617873 0.192967
13.624542 0.194863
13.631210 0.196795
13.637879 0.198762
13.644548 0.200766
13.651217 0.202806
13.657886 0.204882
13.664555 0.206995
13.671224 0.209145
13.677893 0.211331
13.684562 0.213553
13.691230 0.215812
13.697899 0.218106
13.704568 0.220435
13.711237 0.222800
13.717906 0.225198
13.724575 0.227630
13.731244 0.230095
13.737913 0.232593
13.744582 0.235121
13.751250 0.237679
13.757919 0.240267
13.764588 0.242882
13.771257 0.245523
13.777926 0.248189
13.784595 0.250878
13.791264 0.253589
13.797933 0.256319
13.804602 0.259067
13.811270 0.261830
13.817939 0.264605
13.824608 0.267392
13.831277 0.270185
13.837946 0.272984
13.844615 0.275785
13.851284 0.278584
13.857953 0.281378
13.864622 0.284165
13.871290 0.286939
13.877959 0.289697
13.884628 0.292436
13.891297 0.295150
13.897966 0.297835
13.904635 0.300487
13.911304 0.303102
13.917973 0.305674
13.924642 0.308198
13.931310 0.310669
13.937979 0.313083
13.944648 0.315433
13.951317 0.317715
13.957986 0.319924
13.964655 0.322053
13.971324 0.324098
13.977993 0.326053
13.984662 0.327913
13.991330 0.329673
13.997999 0.331327
14.004668 0.332872
14.011337 0.334301
14.018006 0.335611
14.024675 0.336797
14.031344 0.337855
14.038013 0.338781
14.044682 0.339572
14.051350 0.340224
14.058019 0.340734
14.064688 0.341100
14.071357 0.341320
14.078026 0.341392
14.084695 0.341316
14.091364 0.341089
14.098033 0.340712
14.104702 0.340186
14.111370 0.339510
14.118039 0.338687
14.124708 0.337717
14.131377 0.336604
14.138046 0.335349
14.144715 0.333957
14.151384 0.332431
14.158053 0.330776
14.164722 0.328996
14.171390 0.327096
14.178059 0.325083
14.184728 0.322963
14.191397 0.320742
14.198066 0.318427
14.204735 0.316027
14.211404 0.313547
14.218073 0.310998
14.224742 0.308386
14.231410 0.305720
14.238079 0.303010
14.244748 0.300264
14.251417 0.297491
14.258086 0.294699
14.264755 0.291899
14.271424 0.289098
14.278093 0.286307
14.284762 0.283533
14.291430 0.280785
14.298099 0.278073
14.304768 0.275403
14.311437 0.272784
14.318106 0.270224
14.324775 0.267729
14.331444 0.265307
14.338113 0.262964
14.344782 0.260706
14.351450 0.258538
14.358119 0.256465
14.364788 0.254491
14.371457 0.252622
14.378126 0.250858
14.384795 0.249204
14.391464 0.247662
14.398133 0.246232
14.404802 0.244916
14.411470 0.243715
14.418139 0.242626
14.424808 0.241651
14.431477 0.240787
14.438146 0.240032
14.444815 0.239383
14.451484 0.238838
14.458153 0.238393
14.464822 0.238044
14.471490 0.237785
14.478159 0.237613
14.484828 0.237521
14.491497 0.237505
14.498166 0.237557
14.504835 0.237671
14.511504 0.237842
14.518173 0.238061
14.524842 0.238322
14.531511 0.238618
14.538179 0.238941
14.544848 0.239285
14.551517 0.239640
14.558186 0.240001
14.564855 0.240360
14.571524 0.240709
14.578193 0.241041
14.584862 0.241349
14.591531 0.241626
14.598199 0.241865
14.604868 0.242059
14.611537 0.242203
14.618206 0.242290
14.624875 0.242314
14.631544 0.242270
14.638213 0.242152
14.644882 0.241956
14.651551 0.241676
14.658219 0.241308
14.664888 0.240849
14.671557 0.240295
14.678226 0.239641
14.684895 0.238887
14.691564 0.238027
14.698233 0.237062
14.704902 0.235987
14.711571 0.234803
14.718239 0.233506
14.724908 0.232098
14.731577 0.230576
14.738246 0.228941
14.744915 0.227192
14.751584 0.225330
14.758253 0.223356
14.764922 0.221269
14.771591 0.219071
14.778259 0.216764
14.784928 0.214350
14.791597 0.211829
14.798266 0.209204
14.804935 0.206477
14.811604 0.203652
14.818273 0.200729
14.824942 0.197714
14.831611 0.194608
14.838279 0.191416
14.844948 0.188140
14.851617 0.184784
14.858286 0.181353
14.864955 0.177850
14.871624 0.174280
14.878293 0.170648
14.884962 0.166956
14.891631 0.163212
14.898299 0.159419
14.904968 0.155582
14.911637 0.151707
14.918306 0.147799
14.924975 0.143863
14.931644 0.139905
14.938313 0.135931
14.944982 0.131946
14.951651 0.127956
14.958319 0.123968
14.964988 0.119986
14.971657 0.116017
14.978326 0.112067
14.984995 0.108142
14.991664 0.104248
14.998333 0.100391
15.005002 0.096576
15.011671 0.092810
15.018339 0.089099
15.025008 0.085447
15.031677 0.081861
15.038346 0.078345
15.045015 0.074905
15.051684 0.071546
15.058353 0.068273
15.065022 0.065089
15.071691 0.061999
15.078359 0.059008
15.085028 0.056117
15.091697 0.053331
15.098366 0.050653
15.105035 0.048085
15.111704 0.045628
15.118373 0.043285
15.125042 0.041057
15.131711 0.038945
15.138379 0.036949
15.145048 0.035068
15.151717 0.033304
15.158386 0.031654
15.165055 0.030117
15.171724 0.028692
15.178393 0.027376
15.185062 0.026166
15.191731 0.025060
15.198399 0.024055
15.205068 0.023146
15.211737 0.022330
15.218406 0.021601
15.225075 0.020956
15.231744 0.020390
15.238413 0.019896
15.245082 0.019471
15.251751 0.019108
15.258419 0.018801
15.265088 0.018546
15.271757 0.018336
15.278426 0.018166
15.285095 0.018030
15.291764 0.017921
15.298433 0.017835
15.305102 0.017767
15.311771 0.017710
15.318439 0.017660
15.325108 0.017611
15.331777 0.017561
15.338446 0.017503
15.345115 0.017435
15.351784 0.017352
15.358453 0.017251
15.365122 0.017130
15.371791 0.016986
15.378459 0.016817
15.385128 0.016622
15.391797 0.016398
15.398466 0.016146
15.405135 0.015864
15.411804 0.015554
15.418473 0.015215
15.425142 0.014847
15.431811 0.014453
15.438479 0.014034
15.445148 0.013590
15.451817 0.013125
15.458486 0.012641
15.465155 0.012140
15.471824 0.011625
15.478493 0.011098
15.485162 0.010563
15.491831 0.010023
15.498499 0.009481
15.505168 0.008940
15.511837 0.008402
15.518506 0.007873
15.525175 0.007353
15.531844 0.006846
15.538513 0.006354
15.545182 0.005881
15.551851 0.005428
15.558520 0.004997
15.565188 0.004589
15.571857 0.004207
15.578526 0.003851
15.585195 0.003522
15.591864 0.003220
15.598533 0.002945
15.605202 0.002698
15.611871 0.002477
15.618540 0.002282
15.625208 0.002110
15.631877 0.001961
15.638546 0.001833
15.645215 0.001723
15.651884 0.001629
15.658553 0.001548
15.665222 0.001478
15.671891 0.001414
15.678560 0.001355
15.685228 0.001297
15.691897 0.001235
15.698566 0.001168
15.705235 0.001092
15.711904 0.001003
15.718573 0.000897
15.725242 0.000773
15.731911 0.000627
15.738580 0.000456
15.745248 0.000258
15.751917 0.000030
15.758586 -0.000229
15.765255 -0.000521
15.771924 -0.000848
15.778593 -0.001210
15.785262 -0.001607
15.791931 -0.002041
15.798600 -0.002510
15.805268 -0.003014
15.811937 -0.003552
15.818606 -0.004123
15.825275 -0.004724
15.831944 -0.005354
15.838613 -0.006011
15.845282 -0.006690
15.851951 -0.007389
15.858620 -0.008105
15.865288 -0.008834
15.871957 -0.009572
15.878626 -0.010315
15.885295 -0.011059
15.891964 -0.011800
15.898633 -0.012533
15.905302 -0.013253
15.911971 -0.013958
15.918640 -0.014642
15.925308 -0.015301
15.931977 -0.015931
15.938646 -0.016530
15.945315 -0.017092
15.951984 -0.017615
15.958653 -0.018095
15.965322 -0.018531
15.971991 -0.018919
15.978660 -0.019257
15.985328 -0.019544
15.991997 -0.019778
15.998666 -0.019957
16.005335 -0.020081
16.012004 -0.020148
16.018673 -0.020159
16.025342 -0.020113
16.032011 -0.020010
16.038680 -0.019849
16.045348 -0.019631
16.052017 -0.019356
16.058686 -0.019023
16.065355 -0.018632
16.072024 -0.018182
16.078693 -0.017672
16.085362 -0.017101
16.092031 -0.016467
16.098700 -0.015767
16.105368 -0.014998
16.112037 -0.014157
16.118706 -0.013238
16.125375 -0.012235
16.132044 -0.011142
16.138713 -0.009950
16.145382 -0.008650
16.152051 -0.007231
16.158720 -0.005683
16.165388 -0.003990
16.172057 -0.002139
16.178726 -0.000114
16.185395 0.002105
16.192064 0.004535
16.198733 0.007198
16.205402 0.010117
16.212071 0.013315
16.218740 0.016818
16.225408 0.020653
16.232077 0.024847
16.238746 0.029432
16.245415 0.034436
16.252084 0.039894
16.258753 0.045836
16.265422 0.052297
16.272091 0.059312
16.278760 0.066914
16.285428 0.075140
16.292097 0.084024
16.298766 0.093602
16.305435 0.103908
16.312104 0.114978
16.318773 0.126845
16.325442 0.139542
16.332111 0.153100
16.338780 0.167549
16.345448 0.182917
16.352117 0.199231
16.358786 0.216516
16.365455 0.234791
16.372124 0.254078
16.378793 0.274390
16.385462 0.295742
16.392131 0.318142
16.398800 0.341596
16.405468 0.366105
16.412137 0.391669
16.418806 0.418279
16.425475 0.445927
16.432144 0.474595
16.438813 0.504265
16.445482 0.534913
16.452151 0.566508
16.458820 0.599017
16.465488 0.632402
16.472157 0.666619
16.478826 0.701620
16.485495 0.737352
16.492164 0.773756
16.498833 0.810773
16.505502 0.848334
16.512171 0.886370
16.518840 0.924806
16.525509 0.963565
16.532177 1.002563
16.538846 1.041717
16.545515 1.080939
16.552184 1.120138
16.558853 1.159221
16.565522 1.198094
16.572191 1.236660
16.578860 1.274822
16.585529 1.312482
16.592197 1.349541
16.598866 1.385899
16.605535 1.421460
16.612204 1.456126
16.618873 1.489800
16.625542 1.522388
16.632211 1.553799
16.638880 1.583942
16.645549 1.612731
16.652217 1.640082
16.658886 1.665915
16.665555 1.690157
16.672224 1.712734
16.678893 1.733582
16.685562 1.752638
16.692231 1.769848
16.698900 1.785161
16.705569 1.798534
16.712237 1.809927
16.718906 1.819310
16.725575 1.826657
16.732244 1.831949
16.738913 1.835174
16.745582 1.836328
16.752251 1.835411
16.758920 1.832430
16.765589 1.827403
16.772257 1.820348
16.778926 1.811295
16.785595 1.800277
16.792264 1.787335
16.798933 1.772516
16.805602 1.755870
16.812271 1.737457
16.818940 1.717339
16.825609 1.695584
16.832277 1.672263
16.838946 1.647455
16.845615 1.621239
16.852284 1.593699
16.858953 1.564924
16.865622 1.535001
16.872291 1.504025
16.878960 1.472089
16.885629 1.439289
16.892297 1.405721
16.898966 1.371483
16.905635 1.336672
16.912304 1.301386
16.918973 1.265721
16.925642 1.229773
16.932311 1.193637
16.938980 1.157404
16.945649 1.121166
16.952317 1.085010
16.958986 1.049021
16.965655 1.013282
16.972324 0.977871
16.978993 0.942863
16.985662 0.908330
16.992331 0.874339
16.999000 0.840953
17.005669 0.808230
17.012337 0.776225
17.019006 0.744987
17.025675 0.714561
17.032344 0.684987
17.039013 0.656301
17.045682 0.628532
17.052351 0.601708
17.059020 0.575850
17.065689 0.550973
17.072357 0.527090
17.079026 0.504210
17.085695 0.482335
17.092364 0.461466
17.099033 0.441597
17.105702 0.422721
17.112371 0.404827
17.119040 0.387900
17.125709 0.371921
17.132377 0.356870
17.139046 0.342724
17.145715 0.329457
17.152384 0.317041
17.159053 0.305447
17.165722 0.294644
17.172391 0.284600
17.179060 0.275280
17.185729 0.266650
17.192397 0.258675
17.199066 0.251320
17.205735 0.244549
17.212404 0.238327
17.219073 0.232617
17.225742 0.227385
17.232411 0.222597
17.239080 0.218219
17.245749 0.214218
17.252417 0.210562
17.259086 0.207221
17.265755 0.204164
17.272424 0.201366
17.279093 0.198797
17.285762 0.196434
17.292431 0.194252
17.299100 0.192230
17.305769 0.190347
17.312437 0.188584
17.319106 0.186923
17.325775 0.185349
17.332444 0.183847
17.339113 0.182404
17.345782 0.181009
17.352451 0.179651
17.359120 0.178323
17.365789 0.177016
17.372457 0.175724
17.379126 0.174442
17.385795 0.173166
17.392464 0.171892
17.399133 0.170617
17.405802 0.169342
17.412471 0.168063
17.419140 0.166781
17.425809 0.165496
17.432477 0.164209
17.439146 0.162921
17.445815 0.161632
17.452484 0.160344
17.459153 0.159058
17.465822 0.157777
17.472491 0.156502
17.479160 0.155235
17.485829 0.153977
17.492497 0.152730
17.499166 0.151495
17.505835 0.150273
17.512504 0.149066
17.519173 0.147875
17.525842 0.146700
17.532511 0.145542
17.539180 0.144401
17.545849 0.143278
17.552518 0.142173
17.559186 0.141085
17.565855 0.140014
17.572524 0.138960
17.579193 0.137923
17.585862 0.136902
17.592531 0.135896
17.599200 0.134906
17.605869 0.133931
17.612538 0.132969
17.619206 0.132022
17.625875 0.131088
17.632544 0.130168
17.639213 0.129262
17.645882 0.128370
17.652551 0.127492
17.659220 0.126629
17.665889 0.125782
17.672558 0.124952
17.679226 0.124140
17.685895 0.123347
17.692564 0.122577
17.699233 0.121829
17.705902 0.121108
17.712571 0.120415
17.719240 0.119752
17.725909 0.119123
17.732578 0.118531
17.739246 0.117978
17.745915 0.117467
17.752584 0.117003
17.759253 0.116587
17.765922 0.116224
17.772591 0.115916
17.779260 0.115667
17.785929 0.115480
17.792598 0.115358
17.799266 0.115302
17.805935 0.115317
17.812604 0.115403
17.819273 0.115564
17.825942 0.115801
17.832611 0.116115
17.839280 0.116507
17.845949 0.116978
17.852618 0.117528
17.859286 0.118158
17.865955 0.118865
17.872624 0.119650
17.879293 0.120511
17.885962 0.121446
17.892631 0.122452
17.899300 0.123528
17.905969 0.124669
17.912638 0.125872
17.919306 0.127133
17.925975 0.128448
17.932644 0.129811
17.939313 0.131219
17.945982 0.132664
17.952651 0.134143
17.959320 0.135648
17.965989 0.137173
17.972658 0.138713
17.979326 0.140261
17.985995 0.141811
17.992664 0.143355
17.999333 0.144888
18.006002 0.146402
18.012671 0.147893
18.019340 0.149352
18.026009 0.150774
18.032678 0.152153
18.039346 0.153483
18.046015 0.154758
18.052684 0.155974
18.059353 0.157126
18.066022 0.158208
18.072691 0.159217
18.079360 0.160148
18.086029 0.160999
18.092698 0.161766
18.099366 0.162447
18.106035 0.163038
18.112704 0.163539
18.119373 0.163949
18.126042 0.164265
18.132711 0.164488
18.139380 0.164618
18.146049 0.164654
18.152718 0.164597
18.159386 0.164449
18.166055 0.164211
18.172724 0.163883
18.179393 0.163470
18.186062 0.162971
18.192731 0.162391
18.199400 0.161731
18.206069 0.160994
18.212738 0.160184
18.219406 0.159303
18.226075 0.158355
18.232744 0.157344
18.239413 0.156271
18.246082 0.155142
18.252751 0.153958
18.259420 0.152724
18.266089 0.151443
18.272758 0.150118
18.279426 0.148752
18.286095 0.147347
18.292764 0.145908
18.299433 0.144437
18.306102 0.142935
18.312771 0.141406
18.319440 0.139853
18.326109 0.138276
18.332778 0.136679
18.339446 0.135062
18.346115 0.133428
18.352784 0.131778
18.359453 0.130113
18.366122 0.128435
18.372791 0.126745
18.379460 0.125044
18.386129 0.123333
18.392798 0.121612
18.399466 0.119883
18.406135 0.118146
18.412804 0.116403
18.419473 0.114653
18.426142 0.112897
18.432811 0.111137
18.439480 0.109374
18.446149 0.107607
18.452818 0.105838
18.459486 0.104069
18.466155 0.102300
18.472824 0.100532
18.479493 0.098767
18.486162 0.097006
18.492831 0.095251
18.499500 0.093504
18.506169 0.091766
18.512838 0.090040
18.519507 0.088328
18.526175 0.086631
18.532844 0.084952
18.539513 0.083295
18.546182 0.081660
18.552851 0.080051
18.559520 0.078471
18.566189 0.076921
18.572858 0.075406
18.579527 0.073928
18.586195 0.072489
18.592864 0.071092
18.599533 0.069740
18.606202 0.068436
18.612871 0.067182
18.619540 0.065980
18.626209 0.064834
18.632878 0.063744
18.639547 0.062713
18.646215 0.061743
18.652884 0.060835
18.659553 0.059991
18.666222 0.059212
18.672891 0.058498
18.679560 0.057850
18.686229 0.057269
18.692898 0.056754
18.699567 0.056305
18.706235 0.055922
18.712904 0.055603
18.719573 0.055348
18.726242 0.055155
18.732911 0.055023
18.739580 0.054948
18.746249 0.054930
18.752918 0.054964
18.759587 0.055050
18.766255 0.055182
18.772924 0.055359
18.779593 0.055576
18.786262 0.055831
18.792931 0.056118
18.799600 0.056435
18.806269 0.056776
18.812938 0.057139
18.819607 0.057518
18.826275 0.057910
18.832944 0.058309
18.839613 0.058713
18.846282 0.059116
18.852951 0.059514
18.859620 0.059904
18.866289 0.060281
18.872958 0.060642
18.879627 0.060982
18.886295 0.061298
18.892964 0.061588
18.899633 0.061847
18.906302 0.062072
18.912971 0.062262
18.919640 0.062414
18.926309 0.062524
18.932978 0.062593
18.939647 0.062617
18.946315 0.062595
18.952984 0.062527
18.959653 0.062411
18.966322 0.062247
18.972991 0.062034
18.979660 0.061772
18.986329 0.061462
18.992998 0.061104
18.999667 0.060698
19.006335 0.060246
19.013004 0.059748
19.019673 0.059206
19.026342 0.058621
19.033011 0.057994
19.039680 0.057328
19.046349 0.056625
19.053018 0.055885
19.059687 0.055111
19.066355 0.054306
19.073024 0.053471
19.079693 0.052609
19.086362 0.051722
19.093031 0.050812
19.099700 0.049881
19.106369 0.048932
19.113038 0.047967
19.119707 0.046988
19.126375 0.045996
19.133044 0.044995
19.139713 0.043986
19.146382 0.042970
19.153051 0.041950
19.159720 0.040926
19.166389 0.039902
19.173058 0.038878
19.179727 0.037855
19.186395 0.036836
19.193064 0.035820
19.199733 0.034809
19.206402 0.033804
19.213071 0.032807
19.219740 0.031817
19.226409 0.030835
19.233078 0.029862
19.239747 0.028899
19.246415 0.027946
19.253084 0.027004
19.259753 0.026072
19.266422 0.025152
19.273091 0.024244
19.279760 0.023347
19.286429 0.022463
19.293098 0.021591
19.299767 0.020732
19.306435 0.019886
19.313104 0.019054
19.319773 0.018235
19.326442 0.017430
19.333111 0.016639
19.339780 0.015863
19.346449 0.015102
19.353118 0.014356
19.359787 0.013626
19.366455 0.012912
19.373124 0.012215
19.379793 0.011535
19.386462 0.010872
19.393131 0.010228
19.399800 0.009602
19.406469 0.008995
19.413138 0.008407
19.419807 0.007840
19.426475 0.007293
19.433144 0.006767
19.439813 0.006263
19.446482 0.005780
19.453151 0.005320
19.459820 0.004882
19.466489 0.004468
19.473158 0.004076
19.479827 0.003708
19.486495 0.003363
19.493164 0.003042
19.499833 0.002744
19.506502 0.002470
19.513171 0.002219
19.519840 0.001991
19.526509 0.001786
19.533178 0.001603
19.539847 0.001442
19.546516 0.001303
19.553184 0.001184
19.559853 0.001085
19.566522 0.001006
19.573191 0.000946
19.579860 0.000903
19.586529 0.000877
19.593198 0.000866
19.599867 0.000871
19.606536 0.000890
19.613204 0.000921
19.619873 0.000964
19.626542 0.001018
19.633211 0.001082
19.639880 0.001154
19.646549 0.001233
19.653218 0.001319
19.659887 0.001411
19.666556 0.001507
19.673224 0.001607
19.679893 0.001710
19.686562 0.001815
19.693231 0.001921
19.699900 0.002028
19.706569 0.002135
19.713238 0.002242
19.719907 0.002347
19.726576 0.002452
19.733244 0.002556
19.739913 0.002658
19.746582 0.002759
19.753251 0.002858
19.759920 0.002956
19.766589 0.003053
19.773258 0.003149
19.779927 0.003244
19.786596 0.003340
19.793264 0.003437
19.799933 0.003534
19.806602 0.003634
19.813271 0.003736
19.819940 0.003841
19.826609 0.003951
19.833278 0.004065
19.839947 0.004186
19.846616 0.004313
19.853284 0.004448
19.859953 0.004591
19.866622 0.004744
19.873291 0.004907
19.879960 0.005082
19.886629 0.005268
19.893298 0.005468
19.899967 0.005681
19.906636 0.005908
19.913304 0.006151
19.919973 0.006410
19.926642 0.006685
19.933311 0.006977
19.939980 0.007287
19.946649 0.007614
19.953318 0.007960
19.959987 0.008325
19.966656 0.008708
19.973324 0.009111
19.979993 0.009533
19.986662 0.009974
19.993331 0.010434
20.000000 0.010914
