 #Procid=           0           1       87480          27          27
 TimeStep:            1
           0           1  1.922562246587447E-005
           1           1  2.128377535935916E-005
           2           1  2.781960033063024E-005
           3           1  3.832094627114840E-005
           4           1  4.998468352619892E-005
           5           1  6.005981249032885E-005
           6           1  6.884379160116288E-005
           7           1  7.958728017388948E-005
           8           1  9.769309642583365E-005
           9           1  1.315323683403796E-004
          10           1  1.907141047793064E-004
          11           1  2.793413781012691E-004
          12           1  3.919864552864564E-004
          13           1  5.205731486634970E-004
          14           1  6.673112198156644E-004
          15           1  8.525304800529277E-004
          16           1  1.115467143938464E-003
          17           1  1.511981104401782E-003
          18           1  2.105761210009266E-003
          19           1  2.949313653874608E-003
          20           1  4.070170294820454E-003
          21           1  5.489131122061323E-003
          22           1  7.275335279910551E-003
          23           1  9.610199124784700E-003
          24           1  1.282608900631737E-002
          25           1  1.740075139938473E-002
          26           1  2.390074836197807E-002
          27           1  3.288964015177868E-002
          28           1  4.486711773805108E-002
          29           1  6.033228989500250E-002
          30           1  7.999350772975990E-002
          31           1  0.105006206688018     
          32           1  0.137023486159368     
          33           1  0.177844295335234     
          34           1  0.228530891702435     
          35           1  0.288123460796040     
          36           1  0.352584229130385     
          37           1  0.415016518157105     
          38           1  0.467780714171587     
          39           1  0.505651903961218     
          40           1  0.527787839065930     
          41           1  0.536716406226078     
          42           1  0.534985886144816     
          43           1  0.522382684249654     
          44           1  0.496260192732834     
          45           1  0.454663650484322     
          46           1  0.399391071724248     
          47           1  0.336371607034220     
          48           1  0.273272954742444     
          49           1  0.216410466541081     
          50           1  0.169020571664094     
          51           1  0.131407052303985     
          52           1  0.102148590168306     
          53           1  7.935788659541561E-002
          54           1  6.147263967815025E-002
          55           1  4.751426267705498E-002
          56           1  3.695849253327371E-002
          57           1  2.944837682917576E-002
          58           1  2.458564182859309E-002
          59           1  2.191895018349021E-002
          60           1  2.107781828956210E-002
          61           1  2.191902933142164E-002
          62           1  2.458581319951577E-002
          63           1  2.944866120646463E-002
          64           1  3.695891073631600E-002
          65           1  4.751483171649889E-002
          66           1  6.147337813780880E-002
          67           1  7.935882785192258E-002
          68           1  0.102149794169240     
          69           1  0.131408604055683     
          70           1  0.169022557096907     
          71           1  0.216412922350545     
          72           1  0.273275804009491     
          73           1  0.336374618744485     
          74           1  0.399393895535634     
          75           1  0.454665941355523     
          76           1  0.496261759516661     
          77           1  0.522383546770632     
          78           1  0.534986181066472     
          79           1  0.536716214994672     
          80           1  0.527787092581036     
          81           1  0.505650453719963     
          82           1  0.467778504777317     
          83           1  0.415013705958859     
          84           1  0.352581150331840     
          85           1  0.288120487708761     
          86           1  0.228528292641173     
          87           1  0.177842179855513     
          88           1  0.137021834653034     
          89           1  0.105004934803525     
          90           1  7.999252193980452E-002
          91           1  6.033151759918290E-002
          92           1  4.486651365253640E-002
          93           1  3.288917765879355E-002
          94           1  2.390040671985676E-002
          95           1  1.740050784907753E-002
          96           1  1.282591843012721E-002
          97           1  9.610077912544323E-003
          98           1  7.275245052019891E-003
          99           1  5.489060350707473E-003
         100           1  4.070113675336590E-003
         101           1  2.949269680668132E-003
         102           1  2.105729184760097E-003
         103           1  1.511959303255578E-003
         104           1  1.115452839974570E-003
         105           1  8.525208820703965E-004
         106           1  6.673041354474128E-004
         107           1  5.205671896643612E-004
         108           1  3.919811083443691E-004
         109           1  2.793368618792050E-004
         110           1  1.907108341700172E-004
         111           1  1.315303981366819E-004
         112           1  9.769206439506279E-005
         113           1  7.958674128972303E-005
         114           1  6.884343552062943E-005
         115           1  6.005943974806462E-005
         116           1  4.998420011366236E-005
         117           1  3.832042307326602E-005
         118           1  2.781920010115936E-005
         119           1  2.128358260772562E-005
 TimeStep:            2
           0           1  1.922586634632917E-005
           1           1  2.128400878950505E-005
           2           1  2.781970338517857E-005
           3           1  3.832067912556035E-005
           4           1  4.998396124485583E-005
           5           1  6.005889689450293E-005
           6           1  6.884312957452895E-005
           7           1  7.958720125638342E-005
           8           1  9.769370536901476E-005
           9           1  1.315336007072744E-004
          10           1  1.907156982812961E-004
          11           1  2.793427835730953E-004
          12           1  3.919869672757007E-004
          13           1  5.205723046102107E-004
          14           1  6.673091401815012E-004
          15           1  8.525278664984163E-004
          16           1  1.115464997187938E-003
          17           1  1.511980348592725E-003
          18           1  2.105762293425624E-003
          19           1  2.949316226054576E-003
          20           1  4.070173225029312E-003
          21           1  5.489133010378436E-003
          22           1  7.275335205726121E-003
          23           1  9.610197166476214E-003
          24           1  1.282608625270139E-002
          25           1  1.740074943904812E-002
          26           1  2.390074840550185E-002
          27           1  3.288964219180797E-002
          28           1  4.486712037535971E-002
          29           1  6.033229116686738E-002
          30           1  7.999350648164684E-002
          31           1  0.105006203513929     
          32           1  0.137023483226920     
          33           1  0.177844295126102     
          34           1  0.228530895304314     
          35           1  0.288123466811332     
          36           1  0.352584234274051     
          37           1  0.415016519559562     
          38           1  0.467780711642084     
          39           1  0.505651899981786     
          40           1  0.527787836333315     
          41           1  0.536716405234309     
          42           1  0.534985885324928     
          43           1  0.522382682279181     
          44           1  0.496260190254738     
          45           1  0.454663649419772     
          46           1  0.399391073207794     
          47           1  0.336371610262109     
          48           1  0.273272957660734     
          49           1  0.216410467411032     
          50           1  0.169020570138903     
          51           1  0.131407049481634     
          52           1  0.102148587857723     
          53           1  7.935788628584954E-002
          54           1  6.147264173434858E-002
          55           1  4.751426618295638E-002
          56           1  3.695849583946598E-002
          57           1  2.944837842101801E-002
          58           1  2.458564101384249E-002
          59           1  2.191894732984277E-002
          60           1  2.107781461532600E-002
          61           1  2.191902638715482E-002
          62           1  2.458581223345566E-002
          63           1  2.944866263482324E-002
          64           1  3.695891392052982E-002
          65           1  4.751483518147732E-002
          66           1  6.147338022839137E-002
          67           1  7.935882758192463E-002
          68           1  0.102149791800118     
          69           1  0.131408601019707     
          70           1  0.169022555267464     
          71           1  0.216412923023332     
          72           1  0.273275807085132     
          73           1  0.336374622613825     
          74           1  0.399393897996747     
          75           1  0.454665941189949     
          76           1  0.496261757438939     
          77           1  0.522383544615894     
          78           1  0.534986179813522     
          79           1  0.536716213785613     
          80           1  0.527787090032602     
          81           1  0.505650450109224     
          82           1  0.467778502432996     
          83           1  0.415013707179362     
          84           1  0.352581155027636     
          85           1  0.288120493240072     
          86           1  0.228528295882595     
          87           1  0.177842179428508     
          88           1  0.137021831576681     
          89           1  0.105004931488145     
          90           1  7.999252053325447E-002
          91           1  6.033151873322092E-002
          92           1  4.486651622965016E-002
          93           1  3.288917973830663E-002
          94           1  2.390040686481188E-002
          95           1  1.740050598069068E-002
          96           1  1.282591570339984E-002
          97           1  9.610075905391311E-003
          98           1  7.275244882113629E-003
          99           1  5.489062142473977E-003
         100           1  4.070116549291147E-003
         101           1  2.949272255145222E-003
         102           1  2.105730315123827E-003
         103           1  1.511958601826435E-003
         104           1  1.115450719624512E-003
         105           1  8.525182549912906E-004
         106           1  6.673020145334496E-004
         107           1  5.205662970743446E-004
         108           1  3.919815794484477E-004
         109           1  2.793382404230948E-004
         110           1  1.907124146183655E-004
         111           1  1.315316261591931E-004
         112           1  9.769266978905206E-005
         113           1  7.958665458472854E-005
         114           1  6.884276359666508E-005
         115           1  6.005851888516280E-005
         116           1  4.998348155404159E-005
         117           1  3.832016669186699E-005
         118           1  2.781931495101753E-005
         119           1  2.128382332186828E-005
