 #Procid=           0           1       87480          27          27
 TimeStep:            1
           0           1  -11.5621021329150     
           1           1  -11.5158600406655     
           2           1  -11.4865735864770     
           3           1  -11.4150961097667     
           4           1  -11.3171828160757     
           5           1  -11.1880778863632     
           6           1  -11.0364095530902     
           7           1  -10.8876396444783     
           8           1  -10.6871594239337     
           9           1  -10.4483344196369     
          10           1  -10.1925216907632     
          11           1  -9.90832867472503     
          12           1  -9.57764699977554     
          13           1  -9.22012864326847     
          14           1  -8.86444459166841     
          15           1  -8.48895484124011     
          16           1  -8.07104339920446     
          17           1  -7.61963588530104     
          18           1  -7.13937269510483     
          19           1  -6.62353190854834     
          20           1  -6.08263317111863     
          21           1  -5.52669934980866     
          22           1  -4.95363674026486     
          23           1  -4.35253384813769     
          24           1  -3.72556624361503     
          25           1  -3.07878751445645     
          26           1  -2.41558050934757     
          27           1  -1.73980149170067     
          28           1  -1.05034697498745     
          29           1 -0.343852223626368     
          30           1  0.342270746548267     
          31           1   1.03877351628424     
          32           1   1.77382476360669     
          33           1   2.50255114316907     
          34           1   3.21777673343292     
          35           1   3.91386573490868     
          36           1   4.58522257078917     
          37           1   5.22286021717615     
          38           1   5.81118195352731     
          39           1   6.34387196246639     
          40           1   6.81964628430929     
          41           1   7.22259960077070     
          42           1   7.53585353746749     
          43           1   7.76132195049268     
          44           1   7.91856790469198     
          45           1   8.02037925984248     
          46           1   8.06759670676558     
          47           1   8.06892256521670     
          48           1   8.03949253078689     
          49           1   7.98607001243755     
          50           1   7.91397367207152     
          51           1   7.82825872169034     
          52           1   7.73645876877727     
          53           1   7.64634960880741     
          54           1   7.56714440297125     
          55           1   7.50413778431922     
          56           1   7.45961122791849     
          57           1   7.42980811471794     
          58           1   7.40426186444434     
          59           1   7.36210204523555     
          60           1   7.36926389437894     
          61           1   7.36210429431374     
          62           1   7.40426327527557     
          63           1   7.42980925570369     
          64           1   7.45961283403270     
          65           1   7.50414019692614     
          66           1   7.56714764258872     
          67           1   7.64635346054236     
          68           1   7.73646294488046     
          69           1   7.82826270187834     
          70           1   7.91397722238219     
          71           1   7.98607270221841     
          72           1   8.03949426910196     
          73           1   8.06892298352118     
          74           1   8.06759541695325     
          75           1   8.02037542610477     
          76           1   7.91856154509636     
          77           1   7.76131280578042     
          78           1   7.53584067758926     
          79           1   7.22258241695120     
          80           1   6.81962513081009     
          81           1   6.34384799617783     
          82           1   5.81115537917163     
          83           1   5.22283117670020     
          84           1   4.58519156201308     
          85           1   3.91383354551228     
          86           1   3.21774346279403     
          87           1   2.50251718764960     
          88           1   1.77379025088365     
          89           1   1.03873893723206     
          90           1  0.342236406310963     
          91           1 -0.343885847471602     
          92           1  -1.05037971871201     
          93           1  -1.73983345195396     
          94           1  -2.41561181164832     
          95           1  -3.07881820857736     
          96           1  -3.72559597413026     
          97           1  -4.35256267248264     
          98           1  -4.95366403436906     
          99           1  -5.52672570240132     
         100           1  -6.08265871698982     
         101           1  -6.62355674248586     
         102           1  -7.13939589851867     
         103           1  -7.61965760042064     
         104           1  -8.07106382281459     
         105           1  -8.48897337250360     
         106           1  -8.86446132009433     
         107           1  -9.22014521529314     
         108           1  -9.57766362875401     
         109           1  -9.90834260894442     
         110           1  -10.1925345953770     
         111           1  -10.4483457022001     
         112           1  -10.6871701365620     
         113           1  -10.8876484176085     
         114           1  -11.0364152309661     
         115           1  -11.1880838642889     
         116           1  -11.3171887046695     
         117           1  -11.4151008189735     
         118           1  -11.4865757221648     
         119           1  -11.5158611888125     
 TimeStep:            2
           0           1  -11.5621024914549     
           1           1  -11.5158598373501     
           2           1  -11.4865740987979     
           3           1  -11.4150949031202     
           4           1  -11.3171844332778     
           5           1  -11.1880838898094     
           6           1  -11.0364104215251     
           7           1  -10.8876382807563     
           8           1  -10.6871537107831     
           9           1  -10.4483325668280     
          10           1  -10.1925251784598     
          11           1  -9.90832888202845     
          12           1  -9.57764728252122     
          13           1  -9.22012812117288     
          14           1  -8.86444557085408     
          15           1  -8.48895541082646     
          16           1  -8.07104387190534     
          17           1  -7.61963582471670     
          18           1  -7.13937228884091     
          19           1  -6.62353167366050     
          20           1  -6.08263292967790     
          21           1  -5.52669930952734     
          22           1  -4.95363665754638     
          23           1  -4.35253403589043     
          24           1  -3.72556614601990     
          25           1  -3.07878760866300     
          26           1  -2.41558032675347     
          27           1  -1.73980161292258     
          28           1  -1.05034690832619     
          29           1 -0.343852367733530     
          30           1  0.342270816406220     
          31           1   1.03877346182884     
          32           1   1.77382484120403     
          33           1   2.50255113988265     
          34           1   3.21777676003941     
          35           1   3.91386574348897     
          36           1   4.58522254176044     
          37           1   5.22286024852841     
          38           1   5.81118189495478     
          39           1   6.34387202449057     
          40           1   6.81964621131103     
          41           1   7.22259967876841     
          42           1   7.53585345642806     
          43           1   7.76132203422525     
          44           1   7.91856782529643     
          45           1   8.02037933160793     
          46           1   8.06759663550748     
          47           1   8.06892261681728     
          48           1   8.03949247994730     
          49           1   7.98607004783834     
          50           1   7.91397366468147     
          51           1   7.82825875192495     
          52           1   7.73645880535648     
          53           1   7.64634960486361     
          54           1   7.56714442826854     
          55           1   7.50413769754430     
          56           1   7.45961121801207     
          57           1   7.42980797956991     
          58           1   7.40426196628854     
          59           1   7.36210207657871     
          60           1   7.36926400680254     
          61           1   7.36210432170573     
          62           1   7.40426338448683     
          63           1   7.42980912166875     
          64           1   7.45961282415253     
          65           1   7.50414011058887     
          66           1   7.56714766709072     
          67           1   7.64635345650675     
          68           1   7.73646298085540     
          69           1   7.82826273394967     
          70           1   7.91397721592298     
          71           1   7.98607274010642     
          72           1   8.03949421907211     
          73           1   8.06892303649648     
          74           1   8.06759534571720     
          75           1   8.02037549799142     
          76           1   7.91856146550621     
          77           1   7.76131288899112     
          78           1   7.53584059642531     
          79           1   7.22258249344763     
          80           1   6.81962505764476     
          81           1   6.34384805666625     
          82           1   5.81115532108122     
          83           1   5.22283120628777     
          84           1   4.58519153281045     
          85           1   3.91383355118574     
          86           1   3.21774348738737     
          87           1   2.50251718043446     
          88           1   1.77379032586154     
          89           1   1.03873888079780     
          90           1  0.342236475254599     
          91           1 -0.343885991624809     
          92           1  -1.05037965622216     
          93           1  -1.73983357760598     
          94           1  -2.41561163525232     
          95           1  -3.07881830172404     
          96           1  -3.72559588082712     
          97           1  -4.35256285980352     
          98           1  -4.95366395750368     
          99           1  -5.52672566787281     
         100           1  -6.08265848227331     
         101           1  -6.62355650564800     
         102           1  -7.13939549297337     
         103           1  -7.61965752452465     
         104           1  -8.07106428364207     
         105           1  -8.48897395225597     
         106           1  -8.86446231214843     
         107           1  -9.22014470826976     
         108           1  -9.57766391032370     
         109           1  -9.90834281648984     
         110           1  -10.1925380254160     
         111           1  -10.4483438890453     
         112           1  -10.6871643776567     
         113           1  -10.8876471214857     
         114           1  -11.0364162105598     
         115           1  -11.1880897229376     
         116           1  -11.3171903381897     
         117           1  -11.4150996131978     
         118           1  -11.4865762398075     
         119           1  -11.5158609929721     
