0.000000 0.000000
0.006669 -0.000000
0.013338 -0.000001
0.020007 -0.000002
0.026676 -0.000003
0.033344 -0.000004
0.040013 -0.000006
0.046682 -0.000008
0.053351 -0.000011
0.060020 -0.000014
0.066689 -0.000017
0.073358 -0.000021
0.080027 -0.000025
0.086696 -0.000029
0.093364 -0.000033
0.100033 -0.000038
0.106702 -0.000044
0.113371 -0.000050
0.120040 -0.000056
0.126709 -0.000062
0.133378 -0.000069
0.140047 -0.000076
0.146716 -0.000083
0.153384 -0.000090
0.160053 -0.000098
0.166722 -0.000106
0.173391 -0.000115
0.180060 -0.000123
0.186729 -0.000132
0.193398 -0.000140
0.200067 -0.000149
0.206736 -0.000158
0.213404 -0.000167
0.220073 -0.000175
0.226742 -0.000184
0.233411 -0.000193
0.240080 -0.000201
0.246749 -0.000209
0.253418 -0.000217
0.260087 -0.000225
0.266756 -0.000232
0.273424 -0.000239
0.280093 -0.000246
0.286762 -0.000252
0.293431 -0.000258
0.300100 -0.000263
0.306769 -0.000268
0.313438 -0.000272
0.320107 -0.000276
0.326776 -0.000279
0.333444 -0.000281
0.340113 -0.000283
0.346782 -0.000284
0.353451 -0.000285
0.360120 -0.000285
0.366789 -0.000285
0.373458 -0.000284
0.380127 -0.000282
0.386796 -0.000281
0.393464 -0.000278
0.400133 -0.000275
0.406802 -0.000272
0.413471 -0.000269
0.420140 -0.000265
0.426809 -0.000261
0.433478 -0.000257
0.440147 -0.000253
0.446816 -0.000248
0.453484 -0.000244
0.460153 -0.000240
0.466822 -0.000236
0.473491 -0.000232
0.480160 -0.000228
0.486829 -0.000224
0.493498 -0.000221
0.500167 -0.000218
0.506836 -0.000216
0.513505 -0.000214
0.520173 -0.000212
0.526842 -0.000211
0.533511 -0.000210
0.540180 -0.000210
0.546849 -0.000211
0.553518 -0.000212
0.560187 -0.000213
0.566856 -0.000215
0.573525 -0.000218
0.580193 -0.000221
0.586862 -0.000224
0.593531 -0.000228
0.600200 -0.000232
0.606869 -0.000236
0.613538 -0.000241
0.620207 -0.000246
0.626876 -0.000251
0.633545 -0.000257
0.640213 -0.000262
0.646882 -0.000267
0.653551 -0.000272
0.660220 -0.000277
0.666889 -0.000282
0.673558 -0.000286
0.680227 -0.000291
0.686896 -0.000294
0.693565 -0.000298
0.700233 -0.000300
0.706902 -0.000303
0.713571 -0.000304
0.720240 -0.000305
0.726909 -0.000306
0.733578 -0.000305
0.740247 -0.000304
0.746916 -0.000302
0.753585 -0.000300
0.760253 -0.000297
0.766922 -0.000293
0.773591 -0.000289
0.780260 -0.000283
0.786929 -0.000278
0.793598 -0.000272
0.800267 -0.000265
0.806936 -0.000258
0.813605 -0.000250
0.820273 -0.000242
0.826942 -0.000234
0.833611 -0.000226
0.840280 -0.000218
0.846949 -0.000210
0.853618 -0.000202
0.860287 -0.000194
0.866956 -0.000186
0.873625 -0.000179
0.880293 -0.000172
0.886962 -0.000166
0.893631 -0.000161
0.900300 -0.000156
0.906969 -0.000151
0.913638 -0.000148
0.920307 -0.000145
0.926976 -0.000144
0.933645 -0.000143
0.940313 -0.000143
0.946982 -0.000145
0.953651 -0.000147
0.960320 -0.000150
0.966989 -0.000154
0.973658 -0.000159
0.980327 -0.000165
0.986996 -0.000172
0.993665 -0.000180
1.000333 -0.000188
1.007002 -0.000197
1.013671 -0.000207
1.020340 -0.000218
1.027009 -0.000228
1.033678 -0.000240
1.040347 -0.000251
1.047016 -0.000263
1.053685 -0.000275
1.060353 -0.000286
1.067022 -0.000298
1.073691 -0.000309
1.080360 -0.000320
1.087029 -0.000331
1.093698 -0.000341
1.100367 -0.000350
1.107036 -0.000359
1.113705 -0.000367
1.120373 -0.000374
1.127042 -0.000380
1.133711 -0.000385
1.140380 -0.000389
1.147049 -0.000392
1.153718 -0.000394
1.160387 -0.000395
1.167056 -0.000395
1.173725 -0.000394
1.180393 -0.000392
1.187062 -0.000388
1.193731 -0.000384
1.200400 -0.000379
1.207069 -0.000373
1.213738 -0.000367
1.220407 -0.000360
1.227076 -0.000352
1.233745 -0.000344
1.240413 -0.000335
1.247082 -0.000326
1.253751 -0.000318
1.260420 -0.000309
1.267089 -0.000300
1.273758 -0.000292
1.280427 -0.000284
1.287096 -0.000276
1.293765 -0.000269
1.300433 -0.000263
1.307102 -0.000257
1.313771 -0.000253
1.320440 -0.000249
1.327109 -0.000247
1.333778 -0.000246
1.340447 -0.000246
1.347116 -0.000247
1.353785 -0.000249
1.360453 -0.000253
1.367122 -0.000258
1.373791 -0.000265
1.380460 -0.000273
1.387129 -0.000282
1.393798 -0.000292
1.400467 -0.000303
1.407136 -0.000315
1.413805 -0.000329
1.420473 -0.000343
1.427142 -0.000358
1.433811 -0.000373
1.440480 -0.000390
1.447149 -0.000406
1.453818 -0.000423
1.460487 -0.000440
1.467156 -0.000457
1.473825 -0.000473
1.480493 -0.000490
1.487162 -0.000506
1.493831 -0.000521
1.500500 -0.000536
1.507169 -0.000549
1.513838 -0.000562
1.520507 -0.000573
1.527176 -0.000584
1.533845 -0.000593
1.540514 -0.000600
1.547182 -0.000606
1.553851 -0.000611
1.560520 -0.000614
1.567189 -0.000615
1.573858 -0.000615
1.580527 -0.000613
1.587196 -0.000609
1.593865 -0.000604
1.600534 -0.000598
1.607202 -0.000590
1.613871 -0.000580
1.620540 -0.000570
1.627209 -0.000558
1.633878 -0.000545
1.640547 -0.000532
1.647216 -0.000517
1.653885 -0.000502
1.660554 -0.000487
1.667222 -0.000471
1.673891 -0.000455
1.680560 -0.000439
1.687229 -0.000423
1.693898 -0.000408
1.700567 -0.000393
1.707236 -0.000379
1.713905 -0.000366
1.720574 -0.000354
1.727242 -0.000342
1.733911 -0.000332
1.740580 -0.000324
1.747249 -0.000317
1.753918 -0.000311
1.760587 -0.000307
1.767256 -0.000304
1.773925 -0.000304
1.780594 -0.000304
1.787262 -0.000307
1.793931 -0.000311
1.800600 -0.000317
1.807269 -0.000324
1.813938 -0.000333
1.820607 -0.000343
1.827276 -0.000355
1.833945 -0.000367
1.840614 -0.000381
1.847282 -0.000395
1.853951 -0.000410
1.860620 -0.000426
1.867289 -0.000442
1.873958 -0.000459
1.880627 -0.000475
1.887296 -0.000491
1.893965 -0.000507
1.900634 -0.000522
1.907302 -0.000537
1.913971 -0.000550
1.920640 -0.000563
1.927309 -0.000574
1.933978 -0.000584
1.940647 -0.000593
1.947316 -0.000599
1.953985 -0.000605
1.960654 -0.000608
1.967322 -0.000609
1.973991 -0.000609
1.980660 -0.000606
1.987329 -0.000602
1.993998 -0.000596
2.000667 -0.000587
2.007336 -0.000577
2.014005 -0.000565
2.020674 -0.000551
2.027342 -0.000536
2.034011 -0.000519
2.040680 -0.000501
2.047349 -0.000481
2.054018 -0.000460
2.060687 -0.000439
2.067356 -0.000417
2.074025 -0.000394
2.080694 -0.000372
2.087362 -0.000349
2.094031 -0.000326
2.100700 -0.000304
2.107369 -0.000282
2.114038 -0.000261
2.120707 -0.000241
2.127376 -0.000222
2.134045 -0.000205
2.140714 -0.000189
2.147382 -0.000175
2.154051 -0.000162
2.160720 -0.000152
2.167389 -0.000143
2.174058 -0.000137
2.180727 -0.000133
2.187396 -0.000131
2.194065 -0.000131
2.200734 -0.000134
2.207402 -0.000139
2.214071 -0.000146
2.220740 -0.000155
2.227409 -0.000166
2.234078 -0.000179
2.240747 -0.000194
2.247416 -0.000210
2.254085 -0.000228
2.260754 -0.000247
2.267422 -0.000267
2.274091 -0.000288
2.280760 -0.000309
2.287429 -0.000331
2.294098 -0.000353
2.300767 -0.000375
2.307436 -0.000396
2.314105 -0.000417
2.320774 -0.000438
2.327442 -0.000457
2.334111 -0.000474
2.340780 -0.000491
2.347449 -0.000506
2.354118 -0.000519
2.360787 -0.000530
2.367456 -0.000538
2.374125 -0.000545
2.380794 -0.000549
2.387462 -0.000551
2.394131 -0.000551
2.400800 -0.000548
2.407469 -0.000542
2.414138 -0.000534
2.420807 -0.000524
2.427476 -0.000511
2.434145 -0.000496
2.440814 -0.000479
2.447482 -0.000461
2.454151 -0.000440
2.460820 -0.000418
2.467489 -0.000394
2.474158 -0.000369
2.480827 -0.000343
2.487496 -0.000317
2.494165 -0.000290
2.500834 -0.000263
2.507503 -0.000236
2.514171 -0.000210
2.520840 -0.000184
2.527509 -0.000159
2.534178 -0.000136
2.540847 -0.000113
2.547516 -0.000093
2.554185 -0.000074
2.560854 -0.000057
2.567523 -0.000043
2.574191 -0.000031
2.580860 -0.000021
2.587529 -0.000015
2.594198 -0.000011
2.600867 -0.000010
2.607536 -0.000011
2.614205 -0.000016
2.620874 -0.000024
2.627543 -0.000034
2.634211 -0.000047
2.640880 -0.000063
2.647549 -0.000082
2.654218 -0.000103
2.660887 -0.000126
2.667556 -0.000151
2.674225 -0.000179
2.680894 -0.000207
2.687563 -0.000237
2.694231 -0.000269
2.700900 -0.000301
2.707569 -0.000333
2.714238 -0.000366
2.720907 -0.000399
2.727576 -0.000432
2.734245 -0.000464
2.740914 -0.000496
2.747583 -0.000526
2.754251 -0.000555
2.760920 -0.000582
2.767589 -0.000608
2.774258 -0.000631
2.780927 -0.000652
2.787596 -0.000671
2.794265 -0.000688
2.800934 -0.000702
2.807603 -0.000713
2.814271 -0.000721
2.820940 -0.000727
2.827609 -0.000730
2.834278 -0.000730
2.840947 -0.000728
2.847616 -0.000723
2.854285 -0.000715
2.860954 -0.000706
2.867623 -0.000694
2.874291 -0.000680
2.880960 -0.000664
2.887629 -0.000647
2.894298 -0.000629
2.900967 -0.000609
2.907636 -0.000589
2.914305 -0.000569
2.920974 -0.000548
2.927643 -0.000527
2.934311 -0.000507
2.940980 -0.000487
2.947649 -0.000468
2.954318 -0.000451
2.960987 -0.000434
2.967656 -0.000420
2.974325 -0.000407
2.980994 -0.000397
2.987663 -0.000388
2.994331 -0.000382
3.001000 -0.000378
3.007669 -0.000377
3.014338 -0.000379
3.021007 -0.000383
3.027676 -0.000390
3.034345 -0.000400
3.041014 -0.000411
3.047683 -0.000426
3.054351 -0.000443
3.061020 -0.000462
3.067689 -0.000482
3.074358 -0.000505
3.081027 -0.000529
3.087696 -0.000555
3.094365 -0.000581
3.101034 -0.000609
3.107703 -0.000636
3.114371 -0.000664
3.121040 -0.000692
3.127709 -0.000719
3.134378 -0.000746
3.141047 -0.000771
3.147716 -0.000795
3.154385 -0.000817
3.161054 -0.000837
3.167723 -0.000855
3.174391 -0.000870
3.181060 -0.000882
3.187729 -0.000892
3.194398 -0.000898
3.201067 -0.000901
3.207736 -0.000901
3.214405 -0.000897
3.221074 -0.000889
3.227743 -0.000878
3.234411 -0.000864
3.241080 -0.000845
3.247749 -0.000824
3.254418 -0.000799
3.261087 -0.000771
3.267756 -0.000740
3.274425 -0.000707
3.281094 -0.000671
3.287763 -0.000632
3.294431 -0.000592
3.301100 -0.000551
3.307769 -0.000508
3.314438 -0.000464
3.321107 -0.000419
3.327776 -0.000375
3.334445 -0.000331
3.341114 -0.000287
3.347783 -0.000244
3.354451 -0.000203
3.361120 -0.000163
3.367789 -0.000126
3.374458 -0.000090
3.381127 -0.000058
3.387796 -0.000028
3.394465 -0.000002
3.401134 0.000021
3.407803 0.000041
3.414471 0.000056
3.421140 0.000068
3.427809 0.000076
3.434478 0.000080
3.441147 0.000080
3.447816 0.000075
3.454485 0.000067
3.461154 0.000056
3.467823 0.000040
3.474491 0.000022
3.481160 -0.000000
3.487829 -0.000025
3.494498 -0.000053
3.501167 -0.000082
3.507836 -0.000114
3.514505 -0.000147
3.521174 -0.000182
3.527843 -0.000217
3.534512 -0.000253
3.541180 -0.000289
3.547849 -0.000324
3.554518 -0.000358
3.561187 -0.000392
3.567856 -0.000423
3.574525 -0.000453
3.581194 -0.000480
3.587863 -0.000505
3.594532 -0.000527
3.601200 -0.000545
3.607869 -0.000560
3.614538 -0.000571
3.621207 -0.000578
3.627876 -0.000581
3.634545 -0.000580
3.641214 -0.000575
3.647883 -0.000566
3.654552 -0.000552
3.661220 -0.000535
3.667889 -0.000513
3.674558 -0.000488
3.681227 -0.000459
3.687896 -0.000427
3.694565 -0.000391
3.701234 -0.000353
3.707903 -0.000313
3.714572 -0.000270
3.721240 -0.000226
3.727909 -0.000181
3.734578 -0.000135
3.741247 -0.000089
3.747916 -0.000043
3.754585 0.000002
3.761254 0.000047
3.767923 0.000090
3.774592 0.000131
3.781260 0.000169
3.787929 0.000205
3.794598 0.000237
3.801267 0.000266
3.807936 0.000291
3.814605 0.000312
3.821274 0.000329
3.827943 0.000341
3.834612 0.000348
3.841280 0.000350
3.847949 0.000347
3.854618 0.000339
3.861287 0.000327
3.867956 0.000309
3.874625 0.000286
3.881294 0.000259
3.887963 0.000227
3.894632 0.000191
3.901300 0.000152
3.907969 0.000108
3.914638 0.000061
3.921307 0.000012
3.927976 -0.000040
3.934645 -0.000094
3.941314 -0.000149
3.947983 -0.000206
3.954652 -0.000263
3.961320 -0.000320
3.967989 -0.000377
3.974658 -0.000432
3.981327 -0.000487
3.987996 -0.000539
3.994665 -0.000589
4.001334 -0.000636
4.008003 -0.000681
4.014672 -0.000721
4.021340 -0.000758
4.028009 -0.000791
4.034678 -0.000820
4.041347 -0.000844
4.048016 -0.000863
4.054685 -0.000877
4.061354 -0.000887
4.068023 -0.000891
4.074692 -0.000891
4.081360 -0.000886
4.088029 -0.000877
4.094698 -0.000863
4.101367 -0.000845
4.108036 -0.000823
4.114705 -0.000798
4.121374 -0.000770
4.128043 -0.000738
4.134712 -0.000705
4.141380 -0.000669
4.148049 -0.000632
4.154718 -0.000595
4.161387 -0.000556
4.168056 -0.000518
4.174725 -0.000481
4.181394 -0.000444
4.188063 -0.000409
4.194732 -0.000377
4.201400 -0.000347
4.208069 -0.000319
4.214738 -0.000295
4.221407 -0.000275
4.228076 -0.000259
4.234745 -0.000248
4.241414 -0.000241
4.248083 -0.000238
4.254752 -0.000241
4.261420 -0.000249
4.268089 -0.000262
4.274758 -0.000280
4.281427 -0.000303
4.288096 -0.000331
4.294765 -0.000363
4.301434 -0.000401
4.308103 -0.000442
4.314772 -0.000487
4.321440 -0.000536
4.328109 -0.000588
4.334778 -0.000643
4.341447 -0.000700
4.348116 -0.000759
4.354785 -0.000819
4.361454 -0.000879
4.368123 -0.000940
4.374792 -0.001001
4.381460 -0.001060
4.388129 -0.001118
4.394798 -0.001173
4.401467 -0.001226
4.408136 -0.001276
4.414805 -0.001323
4.421474 -0.001365
4.428143 -0.001403
4.434812 -0.001436
4.441480 -0.001464
4.448149 -0.001487
4.454818 -0.001504
4.461487 -0.001515
4.468156 -0.001520
4.474825 -0.001519
4.481494 -0.001513
4.488163 -0.001500
4.494832 -0.001482
4.501501 -0.001458
4.508169 -0.001428
4.514838 -0.001394
4.521507 -0.001355
4.528176 -0.001311
4.534845 -0.001264
4.541514 -0.001213
4.548183 -0.001159
4.554852 -0.001103
4.561521 -0.001045
4.568189 -0.000986
4.574858 -0.000926
4.581527 -0.000866
4.588196 -0.000807
4.594865 -0.000749
4.601534 -0.000693
4.608203 -0.000639
4.614872 -0.000588
4.621541 -0.000540
4.628209 -0.000497
4.634878 -0.000457
4.641547 -0.000423
4.648216 -0.000393
4.654885 -0.000369
4.661554 -0.000351
4.668223 -0.000339
4.674892 -0.000333
4.681561 -0.000332
4.688229 -0.000338
4.694898 -0.000350
4.701567 -0.000368
4.708236 -0.000392
4.714905 -0.000421
4.721574 -0.000456
4.728243 -0.000495
4.734912 -0.000539
4.741581 -0.000587
4.748249 -0.000639
4.754918 -0.000693
4.761587 -0.000750
4.768256 -0.000809
4.774925 -0.000869
4.781594 -0.000930
4.788263 -0.000990
4.794932 -0.001050
4.801601 -0.001109
4.808269 -0.001166
4.814938 -0.001220
4.821607 -0.001272
4.828276 -0.001319
4.834945 -0.001363
4.841614 -0.001401
4.848283 -0.001435
4.854952 -0.001463
4.861621 -0.001486
4.868289 -0.001502
4.874958 -0.001513
4.881627 -0.001516
4.888296 -0.001514
4.894965 -0.001505
4.901634 -0.001490
4.908303 -0.001468
4.914972 -0.001440
4.921641 -0.001407
4.928309 -0.001368
4.934978 -0.001324
4.941647 -0.001276
4.948316 -0.001223
4.954985 -0.001167
4.961654 -0.001108
4.968323 -0.001047
4.974992 -0.000983
4.981661 -0.000919
4.988329 -0.000854
4.994998 -0.000790
5.001667 -0.000727
5.008336 -0.000665
5.015005 -0.000606
5.021674 -0.000550
5.028343 -0.000498
5.035012 -0.000449
5.041681 -0.000406
5.048349 -0.000368
5.055018 -0.000336
5.061687 -0.000311
5.068356 -0.000292
5.075025 -0.000280
5.081694 -0.000274
5.088363 -0.000277
5.095032 -0.000286
5.101701 -0.000303
5.108369 -0.000328
5.115038 -0.000359
5.121707 -0.000397
5.128376 -0.000442
5.135045 -0.000493
5.141714 -0.000551
5.148383 -0.000613
5.155052 -0.000681
5.161721 -0.000752
5.168389 -0.000828
5.175058 -0.000906
5.181727 -0.000986
5.188396 -0.001068
5.195065 -0.001151
5.201734 -0.001234
5.208403 -0.001316
5.215072 -0.001396
5.221741 -0.001474
5.228409 -0.001550
5.235078 -0.001621
5.241747 -0.001688
5.248416 -0.001750
5.255085 -0.001807
5.261754 -0.001857
5.268423 -0.001901
5.275092 -0.001937
5.281761 -0.001967
5.288429 -0.001989
5.295098 -0.002003
5.301767 -0.002009
5.308436 -0.002007
5.315105 -0.001997
5.321774 -0.001980
5.328443 -0.001954
5.335112 -0.001922
5.341781 -0.001883
5.348449 -0.001837
5.355118 -0.001785
5.361787 -0.001728
5.368456 -0.001666
5.375125 -0.001600
5.381794 -0.001530
5.388463 -0.001457
5.395132 -0.001383
5.401801 -0.001307
5.408469 -0.001231
5.415138 -0.001155
5.421807 -0.001080
5.428476 -0.001008
5.435145 -0.000938
5.441814 -0.000872
5.448483 -0.000810
5.455152 -0.000752
5.461821 -0.000701
5.468489 -0.000655
5.475158 -0.000616
5.481827 -0.000584
5.488496 -0.000559
5.495165 -0.000542
5.501834 -0.000532
5.508503 -0.000531
5.515172 -0.000538
5.521841 -0.000552
5.528510 -0.000574
5.535178 -0.000604
5.541847 -0.000641
5.548516 -0.000685
5.555185 -0.000736
5.561854 -0.000793
5.568523 -0.000854
5.575192 -0.000921
5.581861 -0.000992
5.588530 -0.001066
5.595198 -0.001143
5.601867 -0.001221
5.608536 -0.001300
5.615205 -0.001380
5.621874 -0.001458
5.628543 -0.001535
5.635212 -0.001610
5.641881 -0.001681
5.648550 -0.001749
5.655218 -0.001812
5.661887 -0.001869
5.668556 -0.001920
5.675225 -0.001965
5.681894 -0.002003
5.688563 -0.002033
5.695232 -0.002056
5.701901 -0.002070
5.708570 -0.002076
5.715238 -0.002073
5.721907 -0.002062
5.728576 -0.002043
5.735245 -0.002015
5.741914 -0.001980
5.748583 -0.001937
5.755252 -0.001887
5.761921 -0.001831
5.768590 -0.001768
5.775258 -0.001700
5.781927 -0.001627
5.788596 -0.001551
5.795265 -0.001471
5.801934 -0.001389
5.808603 -0.001306
5.815272 -0.001222
5.821941 -0.001139
5.828610 -0.001057
5.835278 -0.000977
5.841947 -0.000901
5.848616 -0.000828
5.855285 -0.000761
5.861954 -0.000699
5.868623 -0.000644
5.875292 -0.000596
5.881961 -0.000555
5.888630 -0.000523
5.895298 -0.000499
5.901967 -0.000485
5.908636 -0.000479
5.915305 -0.000484
5.921974 -0.000498
5.928643 -0.000521
5.935312 -0.000554
5.941981 -0.000596
5.948650 -0.000648
5.955318 -0.000707
5.961987 -0.000775
5.968656 -0.000851
5.975325 -0.000933
5.981994 -0.001022
5.988663 -0.001116
5.995332 -0.001214
6.002001 -0.001316
6.008670 -0.001420
6.015338 -0.001527
6.022007 -0.001634
6.028676 -0.001740
6.035345 -0.001846
6.042014 -0.001949
6.048683 -0.002048
6.055352 -0.002144
6.062021 -0.002234
6.068690 -0.002318
6.075358 -0.002395
6.082027 -0.002465
6.088696 -0.002526
6.095365 -0.002578
6.102034 -0.002621
6.108703 -0.002654
6.115372 -0.002677
6.122041 -0.002690
6.128710 -0.002692
6.135378 -0.002684
6.142047 -0.002666
6.148716 -0.002637
6.155385 -0.002599
6.162054 -0.002551
6.168723 -0.002495
6.175392 -0.002430
6.182061 -0.002358
6.188730 -0.002279
6.195398 -0.002194
6.202067 -0.002105
6.208736 -0.002011
6.215405 -0.001915
6.222074 -0.001816
6.228743 -0.001717
6.235412 -0.001618
6.242081 -0.001521
6.248750 -0.001426
6.255418 -0.001334
6.262087 -0.001248
6.268756 -0.001166
6.275425 -0.001092
6.282094 -0.001024
6.288763 -0.000965
6.295432 -0.000915
6.302101 -0.000875
6.308770 -0.000844
6.315438 -0.000825
6.322107 -0.000816
6.328776 -0.000818
6.335445 -0.000832
6.342114 -0.000857
6.348783 -0.000893
6.355452 -0.000940
6.362121 -0.000997
6.368790 -0.001065
6.375458 -0.001142
6.382127 -0.001228
6.388796 -0.001322
6.395465 -0.001424
6.402134 -0.001532
6.408803 -0.001645
6.415472 -0.001763
6.422141 -0.001884
6.428810 -0.002007
6.435478 -0.002131
6.442147 -0.002255
6.448816 -0.002378
6.455485 -0.002498
6.462154 -0.002615
6.468823 -0.002726
6.475492 -0.002832
6.482161 -0.002932
6.488830 -0.003023
6.495498 -0.003106
6.502167 -0.003179
6.508836 -0.003243
6.515505 -0.003296
6.522174 -0.003337
6.528843 -0.003368
6.535512 -0.003386
6.542181 -0.003393
6.548850 -0.003388
6.555519 -0.003371
6.562187 -0.003343
6.568856 -0.003304
6.575525 -0.003255
6.582194 -0.003195
6.588863 -0.003126
6.595532 -0.003049
6.602201 -0.002964
6.608870 -0.002873
6.615539 -0.002776
6.622207 -0.002674
6.628876 -0.002569
6.635545 -0.002462
6.642214 -0.002354
6.648883 -0.002246
6.655552 -0.002140
6.662221 -0.002036
6.668890 -0.001937
6.675559 -0.001842
6.682227 -0.001753
6.688896 -0.001671
6.695565 -0.001597
6.702234 -0.001533
6.708903 -0.001477
6.715572 -0.001432
6.722241 -0.001398
6.728910 -0.001375
6.735579 -0.001363
6.742247 -0.001364
6.748916 -0.001375
6.755585 -0.001399
6.762254 -0.001434
6.768923 -0.001479
6.775592 -0.001536
6.782261 -0.001602
6.788930 -0.001677
6.795599 -0.001761
6.802267 -0.001851
6.808936 -0.001948
6.815605 -0.002050
6.822274 -0.002156
6.828943 -0.002264
6.835612 -0.002372
6.842281 -0.002480
6.848950 -0.002586
6.855619 -0.002688
6.862287 -0.002785
6.868956 -0.002875
6.875625 -0.002956
6.882294 -0.003027
6.888963 -0.003086
6.895632 -0.003132
6.902301 -0.003162
6.908970 -0.003176
6.915639 -0.003172
6.922307 -0.003148
6.928976 -0.003103
6.935645 -0.003036
6.942314 -0.002945
6.948983 -0.002828
6.955652 -0.002685
6.962321 -0.002515
6.968990 -0.002316
6.975659 -0.002086
6.982327 -0.001826
6.988996 -0.001532
6.995665 -0.001205
7.002334 -0.000843
7.009003 -0.000445
7.015672 -0.000009
7.022341 0.000467
7.029010 0.000983
7.035679 0.001541
7.042347 0.002144
7.049016 0.002793
7.055685 0.003489
7.062354 0.004237
7.069023 0.005037
7.075692 0.005892
7.082361 0.006806
7.089030 0.007781
7.095699 0.008820
7.102367 0.009928
7.109036 0.011108
7.115705 0.012365
7.122374 0.013701
7.129043 0.015123
7.135712 0.016635
7.142381 0.018242
7.149050 0.019950
7.155719 0.021764
7.162387 0.023690
7.169056 0.025733
7.175725 0.027902
7.182394 0.030200
7.189063 0.032637
7.195732 0.035217
7.202401 0.037948
7.209070 0.040837
7.215739 0.043890
7.222407 0.047115
7.229076 0.050519
7.235745 0.054107
7.242414 0.057888
7.249083 0.061867
7.255752 0.066050
7.262421 0.070444
7.269090 0.075055
7.275759 0.079888
7.282427 0.084948
7.289096 0.090241
7.295765 0.095769
7.302434 0.101537
7.309103 0.107548
7.315772 0.113806
7.322441 0.120311
7.329110 0.127066
7.335779 0.134071
7.342447 0.141326
7.349116 0.148831
7.355785 0.156585
7.362454 0.164586
7.369123 0.172830
7.375792 0.181314
7.382461 0.190034
7.389130 0.198985
7.395799 0.208161
7.402467 0.217555
7.409136 0.227160
7.415805 0.236967
7.422474 0.246969
7.429143 0.257154
7.435812 0.267514
7.442481 0.278036
7.449150 0.288709
7.455819 0.299522
7.462487 0.310460
7.469156 0.321512
7.475825 0.332663
7.482494 0.343898
7.489163 0.355204
7.495832 0.366564
7.502501 0.377964
7.509170 0.389387
7.515839 0.400818
7.522508 0.412241
7.529176 0.423639
7.535845 0.434995
7.542514 0.446294
7.549183 0.457519
7.555852 0.468653
7.562521 0.479679
7.569190 0.490581
7.575859 0.501344
7.582528 0.511950
7.589196 0.522385
7.595865 0.532632
7.602534 0.542676
7.609203 0.552502
7.615872 0.562095
7.622541 0.571440
7.629210 0.580524
7.635879 0.589334
7.642548 0.597854
7.649216 0.606074
7.655885 0.613980
7.662554 0.621560
7.669223 0.628802
7.675892 0.635696
7.682561 0.642231
7.689230 0.648397
7.695899 0.654184
7.702568 0.659582
7.709236 0.664584
7.715905 0.669180
7.722574 0.673364
7.729243 0.677127
7.735912 0.680464
7.742581 0.683368
7.749250 0.685833
7.755919 0.687854
7.762588 0.689427
7.769256 0.690548
7.775925 0.691212
7.782594 0.691418
7.789263 0.691163
7.795932 0.690445
7.802601 0.689263
7.809270 0.687616
7.815939 0.685505
7.822608 0.682931
7.829276 0.679894
7.835945 0.676398
7.842614 0.672444
7.849283 0.668038
7.855952 0.663181
7.862621 0.657881
7.869290 0.652143
7.875959 0.645973
7.882628 0.639379
7.889296 0.632369
7.895965 0.624951
7.902634 0.617137
7.909303 0.608937
7.915972 0.600361
7.922641 0.591423
7.929310 0.582135
7.935979 0.572511
7.942648 0.562567
7.949316 0.552318
7.955985 0.541779
7.962654 0.530968
7.969323 0.519902
7.975992 0.508600
7.982661 0.497080
7.989330 0.485363
7.995999 0.473468
8.002668 0.461415
8.009336 0.449226
8.016005 0.436921
8.022674 0.424522
8.029343 0.412052
8.036012 0.399531
8.042681 0.386981
8.049350 0.374426
8.056019 0.361885
8.062688 0.349383
8.069356 0.336938
8.076025 0.324574
8.082694 0.312310
8.089363 0.300167
8.096032 0.288164
8.102701 0.276321
8.109370 0.264655
8.116039 0.253185
8.122708 0.241927
8.129376 0.230897
8.136045 0.220110
8.142714 0.209578
8.149383 0.199316
8.156052 0.189335
8.162721 0.179644
8.169390 0.170253
8.176059 0.161171
8.182728 0.152403
8.189396 0.143955
8.196065 0.135832
8.202734 0.128036
8.209403 0.120570
8.216072 0.113433
8.222741 0.106625
8.229410 0.100145
8.236079 0.093990
8.242748 0.088155
8.249416 0.082636
8.256085 0.077428
8.262754 0.072523
8.269423 0.067914
8.276092 0.063594
8.282761 0.059553
8.289430 0.055783
8.296099 0.052274
8.302768 0.049016
8.309436 0.045999
8.316105 0.043213
8.322774 0.040648
8.329443 0.038294
8.336112 0.036140
8.342781 0.034177
8.349450 0.032397
8.356119 0.030789
8.362788 0.029346
8.369456 0.028059
8.376125 0.026923
8.382794 0.025931
8.389463 0.025076
8.396132 0.024356
8.402801 0.023765
8.409470 0.023302
8.416139 0.022965
8.422808 0.022753
8.429476 0.022666
8.436145 0.022706
8.442814 0.022875
8.449483 0.023176
8.456152 0.023615
8.462821 0.024196
8.469490 0.024925
8.476159 0.025810
8.482828 0.026859
8.489496 0.028081
8.496165 0.029485
8.502834 0.031081
8.509503 0.032880
8.516172 0.034893
8.522841 0.037133
8.529510 0.039609
8.536179 0.042336
8.542848 0.045325
8.549517 0.048589
8.556185 0.052139
8.562854 0.055989
8.569523 0.060150
8.576192 0.064634
8.582861 0.069451
8.589530 0.074614
8.596199 0.080133
8.602868 0.086017
8.609537 0.092275
8.616205 0.098917
8.622874 0.105948
8.629543 0.113378
8.636212 0.121211
8.642881 0.129453
8.649550 0.138108
8.656219 0.147180
8.662888 0.156671
8.669557 0.166583
8.676225 0.176917
8.682894 0.187672
8.689563 0.198848
8.696232 0.210443
8.702901 0.222454
8.709570 0.234878
8.716239 0.247712
8.722908 0.260950
8.729577 0.274587
8.736245 0.288617
8.742914 0.303034
8.749583 0.317830
8.756252 0.333000
8.762921 0.348534
8.769590 0.364426
8.776259 0.380666
8.782928 0.397247
8.789597 0.414160
8.796265 0.431395
8.802934 0.448945
8.809603 0.466800
8.816272 0.484951
8.822941 0.503388
8.829610 0.522104
8.836279 0.541089
8.842948 0.560332
8.849617 0.579826
8.856285 0.599561
8.862954 0.619527
8.869623 0.639715
8.876292 0.660115
8.882961 0.680717
8.889630 0.701511
8.896299 0.722485
8.902968 0.743630
8.909637 0.764934
8.916305 0.786385
8.922974 0.807970
8.929643 0.829677
8.936312 0.851492
8.942981 0.873400
8.949650 0.895386
8.956319 0.917435
8.962988 0.939528
8.969657 0.961650
8.976325 0.983780
8.982994 1.005899
8.989663 1.027986
8.996332 1.050020
9.003001 1.071977
9.009670 1.093835
9.016339 1.115569
9.023008 1.137153
9.029677 1.158561
9.036345 1.179767
9.043014 1.200742
9.049683 1.221460
9.056352 1.241891
9.063021 1.262007
9.069690 1.281780
9.076359 1.301180
9.083028 1.320179
9.089697 1.338750
9.096365 1.356866
9.103034 1.374499
9.109703 1.391625
9.116372 1.408220
9.123041 1.424262
9.129710 1.439731
9.136379 1.454607
9.143048 1.468875
9.149717 1.482522
9.156385 1.495538
9.163054 1.507914
9.169723 1.519646
9.176392 1.530734
9.183061 1.541182
9.189730 1.550996
9.196399 1.560187
9.203068 1.568771
9.209737 1.576768
9.216405 1.584203
9.223074 1.591105
9.229743 1.597508
9.236412 1.603450
9.243081 1.608976
9.249750 1.614133
9.256419 1.618975
9.263088 1.623560
9.269757 1.627949
9.276425 1.632211
9.283094 1.636415
9.289763 1.640637
9.296432 1.644955
9.303101 1.649451
9.309770 1.654212
9.316439 1.659324
9.323108 1.664879
9.329777 1.670968
9.336445 1.677687
9.343114 1.685129
9.349783 1.693391
9.356452 1.702568
9.363121 1.712756
9.369790 1.724049
9.376459 1.736538
9.383128 1.750316
9.389797 1.765469
9.396465 1.782081
9.403134 1.800234
9.409803 1.820002
9.416472 1.841457
9.423141 1.864663
9.429810 1.889680
9.436479 1.916559
9.443148 1.945345
9.449817 1.976076
9.456485 2.008780
9.463154 2.043478
9.469823 2.080180
9.476492 2.118889
9.483161 2.159597
9.489830 2.202286
9.496499 2.246928
9.503168 2.293485
9.509837 2.341908
9.516506 2.392139
9.523174 2.444108
9.529843 2.497734
9.536512 2.552929
9.543181 2.609591
9.549850 2.667610
9.556519 2.726866
9.563188 2.787229
9.569857 2.848563
9.576526 2.910720
9.583194 2.973545
9.589863 3.036876
9.596532 3.100546
9.603201 3.164377
9.609870 3.228190
9.616539 3.291800
9.623208 3.355016
9.629877 3.417646
9.636546 3.479495
9.643214 3.540365
9.649883 3.600060
9.656552 3.658381
9.663221 3.715131
9.669890 3.770115
9.676559 3.823142
9.683228 3.874023
9.689897 3.922572
9.696566 3.968611
9.703234 4.011968
9.709903 4.052475
9.716572 4.089974
9.723241 4.124316
9.729910 4.155358
9.736579 4.182971
9.743248 4.207032
9.749917 4.227432
9.756586 4.244072
9.763254 4.256866
9.769923 4.265739
9.776592 4.270630
9.783261 4.271490
9.789930 4.268283
9.796599 4.260987
9.803268 4.249594
9.809937 4.234108
9.816606 4.214548
9.823274 4.190945
9.829943 4.163345
9.836612 4.131804
9.843281 4.096394
9.849950 4.057198
9.856619 4.014310
9.863288 3.967838
9.869957 3.917898
9.876626 3.864619
9.883294 3.808140
9.889963 3.748607
9.896632 3.686177
9.903301 3.621013
9.909970 3.553287
9.916639 3.483177
9.923308 3.410865
9.929977 3.336541
9.936646 3.260396
9.943314 3.182626
9.949983 3.103428
9.956652 3.023004
9.963321 2.941552
9.969990 2.859273
9.976659 2.776368
9.983328 2.693034
9.989997 2.609467
9.996666 2.525860
10.003334 2.442402
10.010003 2.359277
10.016672 2.276665
10.023341 2.194741
10.030010 2.113671
10.036679 2.033618
10.043348 1.954735
10.050017 1.877168
10.056686 1.801056
10.063354 1.726529
10.070023 1.653708
10.076692 1.582706
10.083361 1.513627
10.090030 1.446565
10.096699 1.381605
10.103368 1.318822
10.110037 1.258285
10.116706 1.200049
10.123374 1.144162
10.130043 1.090665
10.136712 1.039586
10.143381 0.990947
10.150050 0.944760
10.156719 0.901032
10.163388 0.859757
10.170057 0.820926
10.176726 0.784521
10.183394 0.750515
10.190063 0.718879
10.196732 0.689573
10.203401 0.662556
10.210070 0.637779
10.216739 0.615188
10.223408 0.594727
10.230077 0.576333
10.236746 0.559942
10.243414 0.545485
10.250083 0.532893
10.256752 0.522093
10.263421 0.513009
10.270090 0.505567
10.276759 0.499690
10.283428 0.495300
10.290097 0.492321
10.296766 0.490674
10.303434 0.490283
10.310103 0.491072
10.316772 0.492965
10.323441 0.495890
10.330110 0.499774
10.336779 0.504546
10.343448 0.510139
10.350117 0.516485
10.356786 0.523522
10.363454 0.531188
10.370123 0.539424
10.376792 0.548173
10.383461 0.557383
10.390130 0.567002
10.396799 0.576983
10.403468 0.587281
10.410137 0.597854
10.416806 0.608661
10.423474 0.619667
10.430143 0.630838
10.436812 0.642142
10.443481 0.653552
10.450150 0.665041
10.456819 0.676586
10.463488 0.688166
10.470157 0.699763
10.476826 0.711359
10.483494 0.722941
10.490163 0.734496
10.496832 0.746014
10.503501 0.757485
10.510170 0.768904
10.516839 0.780264
10.523508 0.791562
10.530177 0.802795
10.536846 0.813962
10.543515 0.825061
10.550183 0.836094
10.556852 0.847063
10.563521 0.857970
10.570190 0.868818
10.576859 0.879611
10.583528 0.890353
10.590197 0.901050
10.596866 0.911705
10.603535 0.922326
10.610203 0.932917
10.616872 0.943486
10.623541 0.954036
10.630210 0.964576
10.636879 0.975111
10.643548 0.985647
10.650217 0.996190
10.656886 1.006745
10.663555 1.017319
10.670223 1.027917
10.676892 1.038544
10.683561 1.049204
10.690230 1.059901
10.696899 1.070640
10.703568 1.081425
10.710237 1.092258
10.716906 1.103141
10.723575 1.114077
10.730243 1.125067
10.736912 1.136111
10.743581 1.147211
10.750250 1.158366
10.756919 1.169575
10.763588 1.180836
10.770257 1.192146
10.776926 1.203504
10.783595 1.214905
10.790263 1.226345
10.796932 1.237818
10.803601 1.249321
10.810270 1.260844
10.816939 1.272383
10.823608 1.283929
10.830277 1.295474
10.836946 1.307008
10.843615 1.318523
10.850283 1.330008
10.856952 1.341452
10.863621 1.352844
10.870290 1.364172
10.876959 1.375424
10.883628 1.386588
10.890297 1.397650
10.896966 1.408597
10.903635 1.419415
10.910303 1.430091
10.916972 1.440609
10.923641 1.450957
10.930310 1.461119
10.936979 1.471081
10.943648 1.480828
10.950317 1.490347
10.956986 1.499623
10.963655 1.508641
10.970323 1.517389
10.976992 1.525851
10.983661 1.534016
10.990330 1.541869
10.996999 1.549399
11.003668 1.556593
11.010337 1.563439
11.017006 1.569926
11.023675 1.576043
11.030343 1.581781
11.037012 1.587129
11.043681 1.592079
11.050350 1.596623
11.057019 1.600751
11.063688 1.604458
11.070357 1.607736
11.077026 1.610581
11.083695 1.612986
11.090363 1.614946
11.097032 1.616459
11.103701 1.617519
11.110370 1.618125
11.117039 1.618273
11.123708 1.617962
11.130377 1.617191
11.137046 1.615958
11.143715 1.614264
11.150383 1.612107
11.157052 1.609489
11.163721 1.606409
11.170390 1.602870
11.177059 1.598872
11.183728 1.594418
11.190397 1.589509
11.197066 1.584147
11.203735 1.578335
11.210403 1.572076
11.217072 1.565373
11.223741 1.558228
11.230410 1.550647
11.237079 1.542631
11.243748 1.534186
11.250417 1.525316
11.257086 1.516025
11.263755 1.506318
11.270423 1.496200
11.277092 1.485678
11.283761 1.474757
11.290430 1.463443
11.297099 1.451744
11.303768 1.439666
11.310437 1.427219
11.317106 1.414411
11.323775 1.401250
11.330443 1.387748
11.337112 1.373914
11.343781 1.359761
11.350450 1.345300
11.357119 1.330546
11.363788 1.315511
11.370457 1.300212
11.377126 1.284664
11.383795 1.268884
11.390463 1.252891
11.397132 1.236702
11.403801 1.220340
11.410470 1.203823
11.417139 1.187176
11.423808 1.170419
11.430477 1.153579
11.437146 1.136679
11.443815 1.119746
11.450483 1.102806
11.457152 1.085886
11.463821 1.069015
11.470490 1.052221
11.477159 1.035534
11.483828 1.018983
11.490497 1.002599
11.497166 0.986410
11.503835 0.970448
11.510504 0.954743
11.517172 0.939324
11.523841 0.924223
11.530510 0.909466
11.537179 0.895085
11.543848 0.881105
11.550517 0.867556
11.557186 0.854462
11.563855 0.841848
11.570524 0.829739
11.577192 0.818156
11.583861 0.807120
11.590530 0.796651
11.597199 0.786764
11.603868 0.777477
11.610537 0.768801
11.617206 0.760748
11.623875 0.753328
11.630544 0.746547
11.637212 0.740410
11.643881 0.734919
11.650550 0.730074
11.657219 0.725873
11.663888 0.722311
11.670557 0.719381
11.677226 0.717074
11.683895 0.715379
11.690564 0.714282
11.697232 0.713768
11.703901 0.713819
11.710570 0.714416
11.717239 0.715538
11.723908 0.717163
11.730577 0.719266
11.737246 0.721823
11.743915 0.724807
11.750584 0.728192
11.757252 0.731951
11.763921 0.736054
11.770590 0.740476
11.777259 0.745186
11.783928 0.750158
11.790597 0.755364
11.797266 0.760777
11.803935 0.766371
11.810604 0.772123
11.817272 0.778008
11.823941 0.784004
11.830610 0.790093
11.837279 0.796254
11.843948 0.802473
11.850617 0.808735
11.857286 0.815028
11.863955 0.821344
11.870624 0.827676
11.877292 0.834021
11.883961 0.840376
11.890630 0.846745
11.897299 0.853131
11.903968 0.859542
11.910637 0.865988
11.917306 0.872482
11.923975 0.879039
11.930644 0.885679
11.937312 0.892422
11.943981 0.899291
11.950650 0.906311
11.957319 0.913511
11.963988 0.920919
11.970657 0.928567
11.977326 0.936487
11.983995 0.944712
11.990664 0.953279
11.997332 0.962221
12.004001 0.971574
12.010670 0.981375
12.017339 0.991660
12.024008 1.002462
12.030677 1.013817
12.037346 1.025758
12.044015 1.038316
12.050684 1.051522
12.057352 1.065404
12.064021 1.079987
12.070690 1.095295
12.077359 1.111347
12.084028 1.128160
12.090697 1.145750
12.097366 1.164124
12.104035 1.183290
12.110704 1.203250
12.117372 1.224001
12.124041 1.245537
12.130710 1.267848
12.137379 1.290917
12.144048 1.314725
12.150717 1.339248
12.157386 1.364454
12.164055 1.390312
12.170724 1.416780
12.177392 1.443817
12.184061 1.471375
12.190730 1.499400
12.197399 1.527838
12.204068 1.556626
12.210737 1.585702
12.217406 1.614997
12.224075 1.644440
12.230744 1.673957
12.237412 1.703471
12.244081 1.732902
12.250750 1.762169
12.257419 1.791188
12.264088 1.819875
12.270757 1.848143
12.277426 1.875906
12.284095 1.903078
12.290764 1.929572
12.297432 1.955301
12.304101 1.980180
12.310770 2.004126
12.317439 2.027055
12.324108 2.048889
12.330777 2.069548
12.337446 2.088958
12.344115 2.107048
12.350784 2.123748
12.357452 2.138994
12.364121 2.152727
12.370790 2.164889
12.377459 2.175430
12.384128 2.184303
12.390797 2.191467
12.397466 2.196885
12.404135 2.200528
12.410804 2.202369
12.417472 2.202390
12.424141 2.200576
12.430810 2.196921
12.437479 2.191422
12.444148 2.184082
12.450817 2.174913
12.457486 2.163928
12.464155 2.151149
12.470824 2.136603
12.477492 2.120321
12.484161 2.102341
12.490830 2.082705
12.497499 2.061459
12.504168 2.038656
12.510837 2.014351
12.517506 1.988605
12.524175 1.961481
12.530844 1.933047
12.537513 1.903373
12.544181 1.872532
12.550850 1.840601
12.557519 1.807658
12.564188 1.773782
12.570857 1.739055
12.577526 1.703561
12.584195 1.667382
12.590864 1.630603
12.597533 1.593309
12.604201 1.555582
12.610870 1.517508
12.617539 1.479169
12.624208 1.440646
12.630877 1.402021
12.637546 1.363372
12.644215 1.324776
12.650884 1.286309
12.657553 1.248041
12.664221 1.210045
12.670890 1.172386
12.677559 1.135129
12.684228 1.098335
12.690897 1.062062
12.697566 1.026365
12.704235 0.991294
12.710904 0.956899
12.717573 0.923223
12.724241 0.890306
12.730910 0.858186
12.737579 0.826896
12.744248 0.796467
12.750917 0.766924
12.757586 0.738291
12.764255 0.710588
12.770924 0.683830
12.777593 0.658032
12.784261 0.633203
12.790930 0.609350
12.797599 0.586478
12.804268 0.564588
12.810937 0.543680
12.817606 0.523749
12.824275 0.504792
12.830944 0.486800
12.837613 0.469764
12.844281 0.453674
12.850950 0.438515
12.857619 0.424276
12.864288 0.410940
12.870957 0.398491
12.877626 0.386913
12.884295 0.376187
12.890964 0.366296
12.897633 0.357221
12.904301 0.348943
12.910970 0.341442
12.917639 0.334701
12.924308 0.328699
12.930977 0.323418
12.937646 0.318839
12.944315 0.314945
12.950984 0.311716
12.957653 0.309137
12.964321 0.307189
12.970990 0.305857
12.977659 0.305125
12.984328 0.304978
12.990997 0.305401
12.997666 0.306381
13.004335 0.307904
13.011004 0.309957
13.017673 0.312528
13.024341 0.315606
13.031010 0.319179
13.037679 0.323236
13.044348 0.327767
13.051017 0.332763
13.057686 0.338212
13.064355 0.344105
13.071024 0.350433
13.077693 0.357187
13.084361 0.364356
13.091030 0.371932
13.097699 0.379904
13.104368 0.388264
13.111037 0.397000
13.117706 0.406103
13.124375 0.415562
13.131044 0.425365
13.137713 0.435503
13.144381 0.445962
13.151050 0.456730
13.157719 0.467796
13.164388 0.479145
13.171057 0.490764
13.177726 0.502639
13.184395 0.514756
13.191064 0.527098
13.197733 0.539652
13.204401 0.552402
13.211070 0.565330
13.217739 0.578423
13.224408 0.591662
13.231077 0.605032
13.237746 0.618516
13.244415 0.632098
13.251084 0.645762
13.257753 0.659491
13.264421 0.673271
13.271090 0.687086
13.277759 0.700922
13.284428 0.714764
13.291097 0.728600
13.297766 0.742417
13.304435 0.756204
13.311104 0.769950
13.317773 0.783647
13.324441 0.797287
13.331110 0.810862
13.337779 0.824369
13.344448 0.837802
13.351117 0.851161
13.357786 0.864443
13.364455 0.877651
13.371124 0.890787
13.377793 0.903855
13.384461 0.916862
13.391130 0.929814
13.397799 0.942721
13.404468 0.955595
13.411137 0.968447
13.417806 0.981291
13.424475 0.994144
13.431144 1.007021
13.437813 1.019941
13.444481 1.032923
13.451150 1.045987
13.457819 1.059154
13.464488 1.072447
13.471157 1.085886
13.477826 1.099496
13.484495 1.113300
13.491164 1.127319
13.497833 1.141578
13.504502 1.156099
13.511170 1.170903
13.517839 1.186012
13.524508 1.201446
13.531177 1.217224
13.537846 1.233363
13.544515 1.249880
13.551184 1.266788
13.557853 1.284099
13.564522 1.301824
13.571190 1.319970
13.577859 1.338541
13.584528 1.357540
13.591197 1.376965
13.597866 1.396813
13.604535 1.417077
13.611204 1.437746
13.617873 1.458806
13.624542 1.480241
13.631210 1.502029
13.637879 1.524147
13.644548 1.546566
13.651217 1.569255
13.657886 1.592181
13.664555 1.615303
13.671224 1.638582
13.677893 1.661971
13.684562 1.685424
13.691230 1.708890
13.697899 1.732315
13.704568 1.755643
13.711237 1.778816
13.717906 1.801772
13.724575 1.824450
13.731244 1.846785
13.737913 1.868713
13.744582 1.890166
13.751250 1.911078
13.757919 1.931381
13.764588 1.951009
13.771257 1.969893
13.777926 1.987968
13.784595 2.005168
13.791264 2.021430
13.797933 2.036692
13.804602 2.050893
13.811270 2.063977
13.817939 2.075889
13.824608 2.086577
13.831277 2.095993
13.837946 2.104095
13.844615 2.110840
13.851284 2.116196
13.857953 2.120129
13.864622 2.122615
13.871290 2.123633
13.877959 2.123167
13.884628 2.121207
13.891297 2.117749
13.897966 2.112794
13.904635 2.106349
13.911304 2.098427
13.917973 2.089047
13.924642 2.078233
13.931310 2.066016
13.937979 2.052432
13.944648 2.037523
13.951317 2.021335
13.957986 2.003922
13.964655 1.985340
13.971324 1.965653
13.977993 1.944926
13.984662 1.923232
13.991330 1.900645
13.997999 1.877244
14.004668 1.853111
14.011337 1.828332
14.018006 1.802994
14.024675 1.777186
14.031344 1.750999
14.038013 1.724526
14.044682 1.697860
14.051350 1.671095
14.058019 1.644323
14.064688 1.617638
14.071357 1.591132
14.078026 1.564893
14.084695 1.539012
14.091364 1.513573
14.098033 1.488660
14.104702 1.464352
14.111370 1.440726
14.118039 1.417855
14.124708 1.395805
14.131377 1.374641
14.138046 1.354421
14.144715 1.335199
14.151384 1.317021
14.158053 1.299931
14.164722 1.283965
14.171390 1.269153
14.178059 1.255520
14.184728 1.243084
14.191397 1.231856
14.198066 1.221842
14.204735 1.213043
14.211404 1.205451
14.218073 1.199053
14.224742 1.193831
14.231410 1.189761
14.238079 1.186812
14.244748 1.184949
14.251417 1.184131
14.258086 1.184313
14.264755 1.185444
14.271424 1.187471
14.278093 1.190333
14.284762 1.193970
14.291430 1.198316
14.298099 1.203303
14.304768 1.208860
14.311437 1.214914
14.318106 1.221390
14.324775 1.228213
14.331444 1.235307
14.338113 1.242593
14.344782 1.249995
14.351450 1.257436
14.358119 1.264841
14.364788 1.272133
14.371457 1.279240
14.378126 1.286091
14.384795 1.292616
14.391464 1.298749
14.398133 1.304425
14.404802 1.309585
14.411470 1.314171
14.418139 1.318130
14.424808 1.321412
14.431477 1.323971
14.438146 1.325768
14.444815 1.326764
14.451484 1.326927
14.458153 1.326231
14.464822 1.324652
14.471490 1.322171
14.478159 1.318777
14.484828 1.314459
14.491497 1.309215
14.498166 1.303044
14.504835 1.295953
14.511504 1.287950
14.518173 1.279050
14.524842 1.269271
14.531511 1.258636
14.538179 1.247170
14.544848 1.234904
14.551517 1.221870
14.558186 1.208104
14.564855 1.193647
14.571524 1.178541
14.578193 1.162829
14.584862 1.146558
14.591531 1.129778
14.598199 1.112539
14.604868 1.094892
14.611537 1.076891
14.618206 1.058589
14.624875 1.040041
14.631544 1.021301
14.638213 1.002426
14.644882 0.983469
14.651551 0.964485
14.658219 0.945528
14.664888 0.926651
14.671557 0.907906
14.678226 0.889345
14.684895 0.871015
14.691564 0.852966
14.698233 0.835243
14.704902 0.817891
14.711571 0.800952
14.718239 0.784466
14.724908 0.768471
14.731577 0.753003
14.738246 0.738094
14.744915 0.723775
14.751584 0.710076
14.758253 0.697020
14.764922 0.684632
14.771591 0.672932
14.778259 0.661937
14.784928 0.651664
14.791597 0.642124
14.798266 0.633328
14.804935 0.625284
14.811604 0.617997
14.818273 0.611470
14.824942 0.605703
14.831611 0.600695
14.838279 0.596441
14.844948 0.592937
14.851617 0.590174
14.858286 0.588143
14.864955 0.586831
14.871624 0.586226
14.878293 0.586312
14.884962 0.587074
14.891631 0.588493
14.898299 0.590551
14.904968 0.593227
14.911637 0.596501
14.918306 0.600350
14.924975 0.604752
14.931644 0.609683
14.938313 0.615120
14.944982 0.621037
14.951651 0.627410
14.958319 0.634214
14.964988 0.641424
14.971657 0.649015
14.978326 0.656962
14.984995 0.665240
14.991664 0.673826
14.998333 0.682694
15.005002 0.691821
15.011671 0.701186
15.018339 0.710765
15.025008 0.720538
15.031677 0.730484
15.038346 0.740584
15.045015 0.750819
15.051684 0.761172
15.058353 0.771627
15.065022 0.782170
15.071691 0.792786
15.078359 0.803463
15.085028 0.814191
15.091697 0.824959
15.098366 0.835761
15.105035 0.846589
15.111704 0.857437
15.118373 0.868303
15.125042 0.879184
15.131711 0.890079
15.138379 0.900989
15.145048 0.911916
15.151717 0.922862
15.158386 0.933833
15.165055 0.944834
15.171724 0.955872
15.178393 0.966956
15.185062 0.978094
15.191731 0.989297
15.198399 1.000575
15.205068 1.011941
15.211737 1.023405
15.218406 1.034982
15.225075 1.046683
15.231744 1.058523
15.238413 1.070514
15.245082 1.082671
15.251751 1.095006
15.258419 1.107533
15.265088 1.120264
15.271757 1.133210
15.278426 1.146383
15.285095 1.159793
15.291764 1.173450
15.298433 1.187360
15.305102 1.201531
15.311771 1.215968
15.318439 1.230674
15.325108 1.245651
15.331777 1.260900
15.338446 1.276418
15.345115 1.292201
15.351784 1.308243
15.358453 1.324536
15.365122 1.341069
15.371791 1.357829
15.378459 1.374802
15.385128 1.391970
15.391797 1.409312
15.398466 1.426807
15.405135 1.444430
15.411804 1.462153
15.418473 1.479949
15.425142 1.497785
15.431811 1.515629
15.438479 1.533444
15.445148 1.551194
15.451817 1.568840
15.458486 1.586340
15.465155 1.603654
15.471824 1.620737
15.478493 1.637546
15.485162 1.654034
15.491831 1.670157
15.498499 1.685867
15.505168 1.701118
15.511837 1.715863
15.518506 1.730055
15.525175 1.743648
15.531844 1.756597
15.538513 1.768856
15.545182 1.780382
15.551851 1.791133
15.558520 1.801068
15.565188 1.810148
15.571857 1.818335
15.578526 1.825596
15.585195 1.831897
15.591864 1.837208
15.598533 1.841503
15.605202 1.844757
15.611871 1.846948
15.618540 1.848059
15.625208 1.848075
15.631877 1.846984
15.638546 1.844778
15.645215 1.841452
15.651884 1.837006
15.658553 1.831442
15.665222 1.824765
15.671891 1.816986
15.678560 1.808117
15.685228 1.798176
15.691897 1.787181
15.698566 1.775156
15.705235 1.762127
15.711904 1.748123
15.718573 1.733176
15.725242 1.717322
15.731911 1.700598
15.738580 1.683043
15.745248 1.664699
15.751917 1.645610
15.758586 1.625822
15.765255 1.605382
15.771924 1.584338
15.778593 1.562739
15.785262 1.540637
15.791931 1.518081
15.798600 1.495122
15.805268 1.471813
15.811937 1.448204
15.818606 1.424346
15.825275 1.400290
15.831944 1.376083
15.838613 1.351777
15.845282 1.327416
15.851951 1.303048
15.858620 1.278716
15.865288 1.254464
15.871957 1.230333
15.878626 1.206361
15.885295 1.182585
15.891964 1.159040
15.898633 1.135758
15.905302 1.112771
15.911971 1.090105
15.918640 1.067786
15.925308 1.045838
15.931977 1.024281
15.938646 1.003133
15.945315 0.982412
15.951984 0.962129
15.958653 0.942299
15.965322 0.922929
15.971991 0.904027
15.978660 0.885599
15.985328 0.867649
15.991997 0.850178
15.998666 0.833187
16.005335 0.816674
16.012004 0.800638
16.018673 0.785075
16.025342 0.769980
16.032011 0.755347
16.038680 0.741170
16.045348 0.727442
16.052017 0.714156
16.058686 0.701303
16.065355 0.688876
16.072024 0.676866
16.078693 0.665265
16.085362 0.654065
16.092031 0.643258
16.098700 0.632836
16.105368 0.622793
16.112037 0.613120
16.118706 0.603813
16.125375 0.594865
16.132044 0.586271
16.138713 0.578026
16.145382 0.570127
16.152051 0.562570
16.158720 0.555353
16.165388 0.548472
16.172057 0.541928
16.178726 0.535718
16.185395 0.529842
16.192064 0.524301
16.198733 0.519093
16.205402 0.514221
16.212071 0.509684
16.218740 0.505483
16.225408 0.501619
16.232077 0.498094
16.238746 0.494908
16.245415 0.492061
16.252084 0.489553
16.258753 0.487385
16.265422 0.485556
16.272091 0.484065
16.278760 0.482909
16.285428 0.482086
16.292097 0.481593
16.298766 0.481426
16.305435 0.481579
16.312104 0.482046
16.318773 0.482821
16.325442 0.483895
16.332111 0.485259
16.338780 0.486902
16.345448 0.488814
16.352117 0.490983
16.358786 0.493394
16.365455 0.496034
16.372124 0.498887
16.378793 0.501938
16.385462 0.505168
16.392131 0.508560
16.398800 0.512096
16.405468 0.515755
16.412137 0.519519
16.418806 0.523366
16.425475 0.527276
16.432144 0.531227
16.438813 0.535199
16.445482 0.539169
16.452151 0.543117
16.458820 0.547020
16.465488 0.550858
16.472157 0.554611
16.478826 0.558256
16.485495 0.561775
16.492164 0.565149
16.498833 0.568358
16.505502 0.571385
16.512171 0.574213
16.518840 0.576826
16.525509 0.579209
16.532177 0.581349
16.538846 0.583232
16.545515 0.584846
16.552184 0.586183
16.558853 0.587232
16.565522 0.587986
16.572191 0.588439
16.578860 0.588584
16.585529 0.588419
16.592197 0.587940
16.598866 0.587147
16.605535 0.586038
16.612204 0.584616
16.618873 0.582882
16.625542 0.580840
16.632211 0.578494
16.638880 0.575848
16.645549 0.572911
16.652217 0.569688
16.658886 0.566187
16.665555 0.562418
16.672224 0.558389
16.678893 0.554111
16.685562 0.549593
16.692231 0.544847
16.698900 0.539883
16.705569 0.534713
16.712237 0.529349
16.718906 0.523802
16.725575 0.518084
16.732244 0.512208
16.738913 0.506184
16.745582 0.500026
16.752251 0.493743
16.758920 0.487349
16.765589 0.480853
16.772257 0.474268
16.778926 0.467605
16.785595 0.460873
16.792264 0.454083
16.798933 0.447245
16.805602 0.440370
16.812271 0.433466
16.818940 0.426544
16.825609 0.419612
16.832277 0.412679
16.838946 0.405754
16.845615 0.398845
16.852284 0.391962
16.858953 0.385112
16.865622 0.378303
16.872291 0.371545
16.878960 0.364845
16.885629 0.358211
16.892297 0.351653
16.898966 0.345178
16.905635 0.338796
16.912304 0.332515
16.918973 0.326344
16.925642 0.320292
16.932311 0.314369
16.938980 0.308584
16.945649 0.302947
16.952317 0.297468
16.958986 0.292158
16.965655 0.287027
16.972324 0.282086
16.978993 0.277345
16.985662 0.272816
16.992331 0.268509
16.999000 0.264436
17.005669 0.260608
17.012337 0.257037
17.019006 0.253732
17.025675 0.250706
17.032344 0.247969
17.039013 0.245532
17.045682 0.243403
17.052351 0.241595
17.059020 0.240114
17.065689 0.238971
17.072357 0.238174
17.079026 0.237729
17.085695 0.237643
17.092364 0.237922
17.099033 0.238572
17.105702 0.239594
17.112371 0.240993
17.119040 0.242771
17.125709 0.244926
17.132377 0.247460
17.139046 0.250370
17.145715 0.253652
17.152384 0.257302
17.159053 0.261315
17.165722 0.265682
17.172391 0.270396
17.179060 0.275446
17.185729 0.280821
17.192397 0.286508
17.199066 0.292494
17.205735 0.298762
17.212404 0.305297
17.219073 0.312080
17.225742 0.319093
17.232411 0.326315
17.239080 0.333727
17.245749 0.341305
17.252417 0.349028
17.259086 0.356871
17.265755 0.364811
17.272424 0.372823
17.279093 0.380881
17.285762 0.388961
17.292431 0.397036
17.299100 0.405080
17.305769 0.413068
17.312437 0.420974
17.319106 0.428772
17.325775 0.436436
17.332444 0.443943
17.339113 0.451266
17.345782 0.458383
17.352451 0.465271
17.359120 0.471906
17.365789 0.478268
17.372457 0.484337
17.379126 0.490092
17.385795 0.495516
17.392464 0.500592
17.399133 0.505303
17.405802 0.509635
17.412471 0.513576
17.419140 0.517113
17.425809 0.520237
17.432477 0.522937
17.439146 0.525207
17.445815 0.527040
17.452484 0.528433
17.459153 0.529381
17.465822 0.529883
17.472491 0.529939
17.479160 0.529549
17.485829 0.528717
17.492497 0.527445
17.499166 0.525739
17.505835 0.523605
17.512504 0.521049
17.519173 0.518081
17.525842 0.514709
17.532511 0.510944
17.539180 0.506797
17.545849 0.502280
17.552518 0.497406
17.559186 0.492188
17.565855 0.486641
17.572524 0.480779
17.579193 0.474616
17.585862 0.468169
17.592531 0.461454
17.599200 0.454486
17.605869 0.447282
17.612538 0.439858
17.619206 0.432232
17.625875 0.424419
17.632544 0.416437
17.639213 0.408301
17.645882 0.400030
17.652551 0.391638
17.659220 0.383142
17.665889 0.374559
17.672558 0.365903
17.679226 0.357192
17.685895 0.348439
17.692564 0.339660
17.699233 0.330869
17.705902 0.322081
17.712571 0.313310
17.719240 0.304569
17.725909 0.295871
17.732578 0.287230
17.739246 0.278658
17.745915 0.270166
17.752584 0.261767
17.759253 0.253471
17.765922 0.245290
17.772591 0.237234
17.779260 0.229313
17.785929 0.221537
17.792598 0.213915
17.799266 0.206456
17.805935 0.199168
17.812604 0.192060
17.819273 0.185138
17.825942 0.178410
17.832611 0.171884
17.839280 0.165564
17.845949 0.159458
17.852618 0.153570
17.859286 0.147906
17.865955 0.142469
17.872624 0.137265
17.879293 0.132296
17.885962 0.127565
17.892631 0.123076
17.899300 0.118830
17.905969 0.114829
17.912638 0.111073
17.919306 0.107564
17.925975 0.104301
17.932644 0.101284
17.939313 0.098511
17.945982 0.095981
17.952651 0.093691
17.959320 0.091640
17.965989 0.089823
17.972658 0.088237
17.979326 0.086878
17.985995 0.085740
17.992664 0.084819
17.999333 0.084109
18.006002 0.083604
18.012671 0.083297
18.019340 0.083182
18.026009 0.083250
18.032678 0.083495
18.039346 0.083908
18.046015 0.084481
18.052684 0.085206
18.059353 0.086075
18.066022 0.087077
18.072691 0.088206
18.079360 0.089451
18.086029 0.090804
18.092698 0.092256
18.099366 0.093798
18.106035 0.095421
18.112704 0.097117
18.119373 0.098877
18.126042 0.100693
18.132711 0.102557
18.139380 0.104462
18.146049 0.106400
18.152718 0.108365
18.159386 0.110348
18.166055 0.112346
18.172724 0.114351
18.179393 0.116358
18.186062 0.118363
18.192731 0.120362
18.199400 0.122349
18.206069 0.124323
18.212738 0.126279
18.219406 0.128215
18.226075 0.130130
18.232744 0.132022
18.239413 0.133889
18.246082 0.135732
18.252751 0.137548
18.259420 0.139339
18.266089 0.141105
18.272758 0.142846
18.279426 0.144563
18.286095 0.146258
18.292764 0.147931
18.299433 0.149585
18.306102 0.151221
18.312771 0.152840
18.319440 0.154444
18.326109 0.156036
18.332778 0.157617
18.339446 0.159189
18.346115 0.160753
18.352784 0.162311
18.359453 0.163865
18.366122 0.165416
18.372791 0.166965
18.379460 0.168514
18.386129 0.170062
18.392798 0.171612
18.399466 0.173162
18.406135 0.174714
18.412804 0.176268
18.419473 0.177823
18.426142 0.179380
18.432811 0.180938
18.439480 0.182496
18.446149 0.184055
18.452818 0.185613
18.459486 0.187170
18.466155 0.188725
18.472824 0.190279
18.479493 0.191830
18.486162 0.193378
18.492831 0.194923
18.499500 0.196466
18.506169 0.198007
18.512838 0.199547
18.519507 0.201087
18.526175 0.202629
18.532844 0.204175
18.539513 0.205728
18.546182 0.207292
18.552851 0.208870
18.559520 0.210466
18.566189 0.212087
18.572858 0.213738
18.579527 0.215425
18.586195 0.217157
18.592864 0.218942
18.599533 0.220788
18.606202 0.222705
18.612871 0.224704
18.619540 0.226796
18.626209 0.228993
18.632878 0.231306
18.639547 0.233750
18.646215 0.236339
18.652884 0.239085
18.659553 0.242004
18.666222 0.245112
18.672891 0.248423
18.679560 0.251952
18.686229 0.255717
18.692898 0.259731
18.699567 0.264012
18.706235 0.268575
18.712904 0.273435
18.719573 0.278607
18.726242 0.284105
18.732911 0.289943
18.739580 0.296136
18.746249 0.302694
18.752918 0.309629
18.759587 0.316953
18.766255 0.324673
18.772924 0.332798
18.779593 0.341336
18.786262 0.350290
18.792931 0.359665
18.799600 0.369463
18.806269 0.379684
18.812938 0.390327
18.819607 0.401388
18.826275 0.412863
18.832944 0.424744
18.839613 0.437023
18.846282 0.449689
18.852951 0.462727
18.859620 0.476125
18.866289 0.489864
18.872958 0.503925
18.879627 0.518288
18.886295 0.532930
18.892964 0.547826
18.899633 0.562951
18.906302 0.578274
18.912971 0.593768
18.919640 0.609400
18.926309 0.625137
18.932978 0.640946
18.939647 0.656792
18.946315 0.672637
18.952984 0.688445
18.959653 0.704177
18.966322 0.719795
18.972991 0.735260
18.979660 0.750531
18.986329 0.765569
18.992998 0.780335
18.999667 0.794788
19.006335 0.808889
19.013004 0.822599
19.019673 0.835881
19.026342 0.848696
19.033011 0.861008
19.039680 0.872782
19.046349 0.883983
19.053018 0.894580
19.059687 0.904540
19.066355 0.913833
19.073024 0.922434
19.079693 0.930314
19.086362 0.937451
19.093031 0.943823
19.099700 0.949409
19.106369 0.954194
19.113038 0.958160
19.119707 0.961297
19.126375 0.963594
19.133044 0.965042
19.139713 0.965636
19.146382 0.965374
19.153051 0.964255
19.159720 0.962281
19.166389 0.959456
19.173058 0.955788
19.179727 0.951284
19.186395 0.945958
19.193064 0.939821
19.199733 0.932891
19.206402 0.925185
19.213071 0.916723
19.219740 0.907526
19.226409 0.897619
19.233078 0.887026
19.239747 0.875773
19.246415 0.863891
19.253084 0.851406
19.259753 0.838352
19.266422 0.824758
19.273091 0.810659
19.279760 0.796087
19.286429 0.781078
19.293098 0.765664
19.299767 0.749883
19.306435 0.733769
19.313104 0.717359
19.319773 0.700687
19.326442 0.683790
19.333111 0.666704
19.339780 0.649463
19.346449 0.632103
19.353118 0.614659
19.359787 0.597164
19.366455 0.579651
19.373124 0.562154
19.379793 0.544704
19.386462 0.527332
19.393131 0.510069
19.399800 0.492943
19.406469 0.475983
19.413138 0.459216
19.419807 0.442667
19.426475 0.426363
19.433144 0.410326
19.439813 0.394579
19.446482 0.379143
19.453151 0.364040
19.459820 0.349289
19.466489 0.334906
19.473158 0.320910
19.479827 0.307316
19.486495 0.294139
19.493164 0.281392
19.499833 0.269088
19.506502 0.257239
19.513171 0.245854
19.519840 0.234944
19.526509 0.224516
19.533178 0.214580
19.539847 0.205140
19.546516 0.196203
19.553184 0.187774
19.559853 0.179857
19.566522 0.172456
19.573191 0.165573
19.579860 0.159211
19.586529 0.153369
19.593198 0.148050
19.599867 0.143252
19.606536 0.138975
19.613204 0.135218
19.619873 0.131979
19.626542 0.129254
19.633211 0.127041
19.639880 0.125337
19.646549 0.124136
19.653218 0.123433
19.659887 0.123224
19.666556 0.123502
19.673224 0.124261
19.679893 0.125493
19.686562 0.127190
19.693231 0.129345
19.699900 0.131947
19.706569 0.134988
19.713238 0.138458
19.719907 0.142344
19.726576 0.146637
19.733244 0.151324
19.739913 0.156391
19.746582 0.161827
19.753251 0.167617
19.759920 0.173745
19.766589 0.180198
19.773258 0.186959
19.779927 0.194011
19.786596 0.201338
19.793264 0.208922
19.799933 0.216743
19.806602 0.224785
19.813271 0.233026
19.819940 0.241446
19.826609 0.250027
19.833278 0.258745
19.839947 0.267580
19.846616 0.276511
19.853284 0.285514
19.859953 0.294567
19.866622 0.303648
19.873291 0.312733
19.879960 0.321800
19.886629 0.330825
19.893298 0.339784
19.899967 0.348655
19.906636 0.357413
19.913304 0.366037
19.919973 0.374503
19.926642 0.382788
19.933311 0.390871
19.939980 0.398729
19.946649 0.406341
19.953318 0.413687
19.959987 0.420746
19.966656 0.427498
19.973324 0.433927
19.979993 0.440012
19.986662 0.445738
19.993331 0.451089
20.000000 0.456050
