0.000000 0.000000
0.006669 -0.000000
0.013338 -0.000001
0.020007 -0.000001
0.026676 -0.000002
0.033344 -0.000004
0.040013 -0.000005
0.046682 -0.000007
0.053351 -0.000009
0.060020 -0.000012
0.066689 -0.000015
0.073358 -0.000019
0.080027 -0.000023
0.086696 -0.000027
0.093364 -0.000032
0.100033 -0.000038
0.106702 -0.000044
0.113371 -0.000050
0.120040 -0.000058
0.126709 -0.000065
0.133378 -0.000074
0.140047 -0.000083
0.146716 -0.000092
0.153384 -0.000102
0.160053 -0.000113
0.166722 -0.000124
0.173391 -0.000136
0.180060 -0.000148
0.186729 -0.000160
0.193398 -0.000173
0.200067 -0.000186
0.206736 -0.000199
0.213404 -0.000212
0.220073 -0.000225
0.226742 -0.000238
0.233411 -0.000252
0.240080 -0.000264
0.246749 -0.000277
0.253418 -0.000289
0.260087 -0.000300
0.266756 -0.000311
0.273424 -0.000321
0.280093 -0.000331
0.286762 -0.000339
0.293431 -0.000347
0.300100 -0.000354
0.306769 -0.000359
0.313438 -0.000364
0.320107 -0.000367
0.326776 -0.000369
0.333444 -0.000370
0.340113 -0.000370
0.346782 -0.000368
0.353451 -0.000365
0.360120 -0.000361
0.366789 -0.000356
0.373458 -0.000350
0.380127 -0.000342
0.386796 -0.000334
0.393464 -0.000325
0.400133 -0.000315
0.406802 -0.000304
0.413471 -0.000293
0.420140 -0.000281
0.426809 -0.000269
0.433478 -0.000257
0.440147 -0.000245
0.446816 -0.000232
0.453484 -0.000220
0.460153 -0.000208
0.466822 -0.000197
0.473491 -0.000186
0.480160 -0.000176
0.486829 -0.000167
0.493498 -0.000159
0.500167 -0.000152
0.506836 -0.000146
0.513505 -0.000141
0.520173 -0.000137
0.526842 -0.000135
0.533511 -0.000134
0.540180 -0.000135
0.546849 -0.000136
0.553518 -0.000140
0.560187 -0.000144
0.566856 -0.000150
0.573525 -0.000158
0.580193 -0.000166
0.586862 -0.000176
0.593531 -0.000186
0.600200 -0.000198
0.606869 -0.000210
0.613538 -0.000223
0.620207 -0.000236
0.626876 -0.000250
0.633545 -0.000264
0.640213 -0.000278
0.646882 -0.000291
0.653551 -0.000305
0.660220 -0.000318
0.666889 -0.000330
0.673558 -0.000341
0.680227 -0.000352
0.686896 -0.000361
0.693565 -0.000369
0.700233 -0.000376
0.706902 -0.000381
0.713571 -0.000385
0.720240 -0.000387
0.726909 -0.000387
0.733578 -0.000386
0.740247 -0.000383
0.746916 -0.000378
0.753585 -0.000371
0.760253 -0.000363
0.766922 -0.000353
0.773591 -0.000341
0.780260 -0.000328
0.786929 -0.000314
0.793598 -0.000299
0.800267 -0.000282
0.806936 -0.000265
0.813605 -0.000247
0.820273 -0.000228
0.826942 -0.000209
0.833611 -0.000190
0.840280 -0.000171
0.846949 -0.000152
0.853618 -0.000134
0.860287 -0.000117
0.866956 -0.000100
0.873625 -0.000085
0.880293 -0.000071
0.886962 -0.000059
0.893631 -0.000048
0.900300 -0.000040
0.906969 -0.000033
0.913638 -0.000029
0.920307 -0.000026
0.926976 -0.000026
0.933645 -0.000029
0.940313 -0.000034
0.946982 -0.000041
0.953651 -0.000051
0.960320 -0.000063
0.966989 -0.000077
0.973658 -0.000094
0.980327 -0.000113
0.986996 -0.000133
0.993665 -0.000156
1.000333 -0.000180
1.007002 -0.000205
1.013671 -0.000232
1.020340 -0.000260
1.027009 -0.000288
1.033678 -0.000317
1.040347 -0.000346
1.047016 -0.000375
1.053685 -0.000404
1.060353 -0.000433
1.067022 -0.000460
1.073691 -0.000486
1.080360 -0.000511
1.087029 -0.000535
1.093698 -0.000556
1.100367 -0.000576
1.107036 -0.000593
1.113705 -0.000608
1.120373 -0.000621
1.127042 -0.000631
1.133711 -0.000638
1.140380 -0.000643
1.147049 -0.000645
1.153718 -0.000644
1.160387 -0.000640
1.167056 -0.000634
1.173725 -0.000625
1.180393 -0.000614
1.187062 -0.000601
1.193731 -0.000585
1.200400 -0.000567
1.207069 -0.000548
1.213738 -0.000527
1.220407 -0.000505
1.227076 -0.000482
1.233745 -0.000458
1.240413 -0.000434
1.247082 -0.000410
1.253751 -0.000387
1.260420 -0.000364
1.267089 -0.000341
1.273758 -0.000320
1.280427 -0.000301
1.287096 -0.000283
1.293765 -0.000267
1.300433 -0.000253
1.307102 -0.000242
1.313771 -0.000234
1.320440 -0.000228
1.327109 -0.000225
1.333778 -0.000226
1.340447 -0.000229
1.347116 -0.000236
1.353785 -0.000246
1.360453 -0.000259
1.367122 -0.000275
1.373791 -0.000294
1.380460 -0.000316
1.387129 -0.000341
1.393798 -0.000368
1.400467 -0.000397
1.407136 -0.000429
1.413805 -0.000462
1.420473 -0.000496
1.427142 -0.000532
1.433811 -0.000568
1.440480 -0.000604
1.447149 -0.000641
1.453818 -0.000677
1.460487 -0.000712
1.467156 -0.000747
1.473825 -0.000780
1.480493 -0.000811
1.487162 -0.000839
1.493831 -0.000866
1.500500 -0.000889
1.507169 -0.000909
1.513838 -0.000926
1.520507 -0.000940
1.527176 -0.000949
1.533845 -0.000955
1.540514 -0.000957
1.547182 -0.000955
1.553851 -0.000948
1.560520 -0.000937
1.567189 -0.000923
1.573858 -0.000904
1.580527 -0.000882
1.587196 -0.000856
1.593865 -0.000826
1.600534 -0.000793
1.607202 -0.000757
1.613871 -0.000719
1.620540 -0.000678
1.627209 -0.000636
1.633878 -0.000592
1.640547 -0.000547
1.647216 -0.000501
1.653885 -0.000455
1.660554 -0.000410
1.667222 -0.000365
1.673891 -0.000321
1.680560 -0.000279
1.687229 -0.000238
1.693898 -0.000201
1.700567 -0.000165
1.707236 -0.000133
1.713905 -0.000105
1.720574 -0.000080
1.727242 -0.000060
1.733911 -0.000043
1.740580 -0.000031
1.747249 -0.000023
1.753918 -0.000021
1.760587 -0.000022
1.767256 -0.000029
1.773925 -0.000040
1.780594 -0.000056
1.787262 -0.000076
1.793931 -0.000100
1.800600 -0.000128
1.807269 -0.000160
1.813938 -0.000195
1.820607 -0.000233
1.827276 -0.000274
1.833945 -0.000317
1.840614 -0.000362
1.847282 -0.000407
1.853951 -0.000454
1.860620 -0.000501
1.867289 -0.000548
1.873958 -0.000594
1.880627 -0.000638
1.887296 -0.000681
1.893965 -0.000722
1.900634 -0.000760
1.907302 -0.000796
1.913971 -0.000827
1.920640 -0.000855
1.927309 -0.000879
1.933978 -0.000898
1.940647 -0.000912
1.947316 -0.000922
1.953985 -0.000927
1.960654 -0.000926
1.967322 -0.000921
1.973991 -0.000910
1.980660 -0.000894
1.987329 -0.000873
1.993998 -0.000847
2.000667 -0.000817
2.007336 -0.000782
2.014005 -0.000744
2.020674 -0.000701
2.027342 -0.000656
2.034011 -0.000608
2.040680 -0.000557
2.047349 -0.000505
2.054018 -0.000451
2.060687 -0.000397
2.067356 -0.000342
2.074025 -0.000288
2.080694 -0.000235
2.087362 -0.000183
2.094031 -0.000133
2.100700 -0.000086
2.107369 -0.000042
2.114038 -0.000001
2.120707 0.000036
2.127376 0.000069
2.134045 0.000097
2.140714 0.000119
2.147382 0.000137
2.154051 0.000149
2.160720 0.000155
2.167389 0.000156
2.174058 0.000151
2.180727 0.000140
2.187396 0.000124
2.194065 0.000102
2.200734 0.000075
2.207402 0.000042
2.214071 0.000005
2.220740 -0.000036
2.227409 -0.000082
2.234078 -0.000131
2.240747 -0.000183
2.247416 -0.000238
2.254085 -0.000295
2.260754 -0.000353
2.267422 -0.000412
2.274091 -0.000472
2.280760 -0.000531
2.287429 -0.000589
2.294098 -0.000645
2.300767 -0.000699
2.307436 -0.000751
2.314105 -0.000799
2.320774 -0.000843
2.327442 -0.000883
2.334111 -0.000919
2.340780 -0.000949
2.347449 -0.000975
2.354118 -0.000994
2.360787 -0.001008
2.367456 -0.001015
2.374125 -0.001017
2.380794 -0.001012
2.387462 -0.001001
2.394131 -0.000985
2.400800 -0.000962
2.407469 -0.000934
2.414138 -0.000900
2.420807 -0.000862
2.427476 -0.000819
2.434145 -0.000772
2.440814 -0.000722
2.447482 -0.000668
2.454151 -0.000612
2.460820 -0.000554
2.467489 -0.000495
2.474158 -0.000436
2.480827 -0.000376
2.487496 -0.000318
2.494165 -0.000260
2.500834 -0.000205
2.507503 -0.000153
2.514171 -0.000104
2.520840 -0.000059
2.527509 -0.000018
2.534178 0.000018
2.540847 0.000048
2.547516 0.000072
2.554185 0.000090
2.560854 0.000102
2.567523 0.000107
2.574191 0.000106
2.580860 0.000097
2.587529 0.000081
2.594198 0.000059
2.600867 0.000030
2.607536 -0.000005
2.614205 -0.000047
2.620874 -0.000095
2.627543 -0.000148
2.634211 -0.000206
2.640880 -0.000268
2.647549 -0.000335
2.654218 -0.000404
2.660887 -0.000477
2.667556 -0.000551
2.674225 -0.000626
2.680894 -0.000702
2.687563 -0.000778
2.694231 -0.000853
2.700900 -0.000926
2.707569 -0.000996
2.714238 -0.001064
2.720907 -0.001127
2.727576 -0.001186
2.734245 -0.001240
2.740914 -0.001289
2.747583 -0.001331
2.754251 -0.001367
2.760920 -0.001396
2.767589 -0.001418
2.774258 -0.001432
2.780927 -0.001438
2.787596 -0.001437
2.794265 -0.001429
2.800934 -0.001412
2.807603 -0.001388
2.814271 -0.001357
2.820940 -0.001319
2.827609 -0.001275
2.834278 -0.001224
2.840947 -0.001168
2.847616 -0.001106
2.854285 -0.001041
2.860954 -0.000971
2.867623 -0.000899
2.874291 -0.000824
2.880960 -0.000748
2.887629 -0.000671
2.894298 -0.000594
2.900967 -0.000518
2.907636 -0.000444
2.914305 -0.000372
2.920974 -0.000303
2.927643 -0.000238
2.934311 -0.000178
2.940980 -0.000123
2.947649 -0.000074
2.954318 -0.000031
2.960987 0.000005
2.967656 0.000034
2.974325 0.000055
2.980994 0.000069
2.987663 0.000075
2.994331 0.000073
3.001000 0.000063
3.007669 0.000045
3.014338 0.000020
3.021007 -0.000013
3.027676 -0.000052
3.034345 -0.000099
3.041014 -0.000151
3.047683 -0.000209
3.054351 -0.000271
3.061020 -0.000338
3.067689 -0.000409
3.074358 -0.000481
3.081027 -0.000556
3.087696 -0.000632
3.094365 -0.000708
3.101034 -0.000783
3.107703 -0.000856
3.114371 -0.000927
3.121040 -0.000995
3.127709 -0.001059
3.134378 -0.001118
3.141047 -0.001171
3.147716 -0.001219
3.154385 -0.001259
3.161054 -0.001292
3.167723 -0.001317
3.174391 -0.001334
3.181060 -0.001342
3.187729 -0.001342
3.194398 -0.001332
3.201067 -0.001314
3.207736 -0.001287
3.214405 -0.001251
3.221074 -0.001207
3.227743 -0.001155
3.234411 -0.001095
3.241080 -0.001028
3.247749 -0.000954
3.254418 -0.000874
3.261087 -0.000789
3.267756 -0.000699
3.274425 -0.000606
3.281094 -0.000510
3.287763 -0.000412
3.294431 -0.000314
3.301100 -0.000215
3.307769 -0.000118
3.314438 -0.000022
3.321107 0.000070
3.327776 0.000159
3.334445 0.000242
3.341114 0.000321
3.347783 0.000392
3.354451 0.000457
3.361120 0.000514
3.367789 0.000562
3.374458 0.000601
3.381127 0.000631
3.387796 0.000652
3.394465 0.000662
3.401134 0.000662
3.407803 0.000652
3.414471 0.000632
3.421140 0.000602
3.427809 0.000562
3.434478 0.000513
3.441147 0.000455
3.447816 0.000389
3.454485 0.000315
3.461154 0.000235
3.467823 0.000148
3.474491 0.000055
3.481160 -0.000041
3.487829 -0.000141
3.494498 -0.000244
3.501167 -0.000348
3.507836 -0.000453
3.514505 -0.000556
3.521174 -0.000658
3.527843 -0.000758
3.534512 -0.000853
3.541180 -0.000944
3.547849 -0.001030
3.554518 -0.001108
3.561187 -0.001180
3.567856 -0.001244
3.574525 -0.001298
3.581194 -0.001344
3.587863 -0.001380
3.594532 -0.001406
3.601200 -0.001422
3.607869 -0.001427
3.614538 -0.001422
3.621207 -0.001406
3.627876 -0.001380
3.634545 -0.001344
3.641214 -0.001299
3.647883 -0.001244
3.654552 -0.001181
3.661220 -0.001111
3.667889 -0.001033
3.674558 -0.000949
3.681227 -0.000859
3.687896 -0.000766
3.694565 -0.000669
3.701234 -0.000569
3.707903 -0.000469
3.714572 -0.000369
3.721240 -0.000269
3.727909 -0.000172
3.734578 -0.000079
3.741247 0.000011
3.747916 0.000095
3.754585 0.000172
3.761254 0.000243
3.767923 0.000305
3.774592 0.000358
3.781260 0.000402
3.787929 0.000436
3.794598 0.000459
3.801267 0.000471
3.807936 0.000472
3.814605 0.000462
3.821274 0.000440
3.827943 0.000407
3.834612 0.000362
3.841280 0.000307
3.847949 0.000242
3.854618 0.000167
3.861287 0.000082
3.867956 -0.000010
3.874625 -0.000110
3.881294 -0.000217
3.887963 -0.000330
3.894632 -0.000446
3.901300 -0.000567
3.907969 -0.000689
3.914638 -0.000813
3.921307 -0.000937
3.927976 -0.001059
3.934645 -0.001179
3.941314 -0.001296
3.947983 -0.001407
3.954652 -0.001513
3.961320 -0.001611
3.967989 -0.001702
3.974658 -0.001784
3.981327 -0.001856
3.987996 -0.001918
3.994665 -0.001969
4.001334 -0.002009
4.008003 -0.002037
4.014672 -0.002053
4.021340 -0.002056
4.028009 -0.002048
4.034678 -0.002027
4.041347 -0.001995
4.048016 -0.001951
4.054685 -0.001896
4.061354 -0.001830
4.068023 -0.001755
4.074692 -0.001672
4.081360 -0.001580
4.088029 -0.001481
4.094698 -0.001377
4.101367 -0.001267
4.108036 -0.001155
4.114705 -0.001040
4.121374 -0.000924
4.128043 -0.000808
4.134712 -0.000694
4.141380 -0.000583
4.148049 -0.000476
4.154718 -0.000374
4.161387 -0.000278
4.168056 -0.000191
4.174725 -0.000111
4.181394 -0.000042
4.188063 0.000018
4.194732 0.000066
4.201400 0.000102
4.208069 0.000126
4.214738 0.000137
4.221407 0.000136
4.228076 0.000121
4.234745 0.000094
4.241414 0.000054
4.248083 0.000001
4.254752 -0.000064
4.261420 -0.000141
4.268089 -0.000229
4.274758 -0.000327
4.281427 -0.000434
4.288096 -0.000549
4.294765 -0.000671
4.301434 -0.000799
4.308103 -0.000933
4.314772 -0.001069
4.321440 -0.001208
4.328109 -0.001347
4.334778 -0.001486
4.341447 -0.001623
4.348116 -0.001756
4.354785 -0.001885
4.361454 -0.002007
4.368123 -0.002123
4.374792 -0.002230
4.381460 -0.002328
4.388129 -0.002415
4.394798 -0.002491
4.401467 -0.002554
4.408136 -0.002605
4.414805 -0.002643
4.421474 -0.002667
4.428143 -0.002677
4.434812 -0.002673
4.441480 -0.002655
4.448149 -0.002624
4.454818 -0.002579
4.461487 -0.002521
4.468156 -0.002451
4.474825 -0.002369
4.481494 -0.002277
4.488163 -0.002175
4.494832 -0.002064
4.501501 -0.001946
4.508169 -0.001822
4.514838 -0.001693
4.521507 -0.001561
4.528176 -0.001426
4.534845 -0.001291
4.541514 -0.001158
4.548183 -0.001026
4.554852 -0.000899
4.561521 -0.000777
4.568189 -0.000661
4.574858 -0.000554
4.581527 -0.000455
4.588196 -0.000367
4.594865 -0.000291
4.601534 -0.000226
4.608203 -0.000175
4.614872 -0.000137
4.621541 -0.000113
4.628209 -0.000104
4.634878 -0.000109
4.641547 -0.000130
4.648216 -0.000164
4.654885 -0.000213
4.661554 -0.000276
4.668223 -0.000353
4.674892 -0.000441
4.681561 -0.000542
4.688229 -0.000653
4.694898 -0.000773
4.701567 -0.000902
4.708236 -0.001038
4.714905 -0.001179
4.721574 -0.001324
4.728243 -0.001471
4.734912 -0.001619
4.741581 -0.001767
4.748249 -0.001912
4.754918 -0.002053
4.761587 -0.002188
4.768256 -0.002316
4.774925 -0.002435
4.781594 -0.002544
4.788263 -0.002641
4.794932 -0.002726
4.801601 -0.002797
4.808269 -0.002853
4.814938 -0.002893
4.821607 -0.002917
4.828276 -0.002924
4.834945 -0.002914
4.841614 -0.002887
4.848283 -0.002842
4.854952 -0.002781
4.861621 -0.002702
4.868289 -0.002607
4.874958 -0.002496
4.881627 -0.002370
4.888296 -0.002231
4.894965 -0.002079
4.901634 -0.001916
4.908303 -0.001743
4.914972 -0.001561
4.921641 -0.001373
4.928309 -0.001179
4.934978 -0.000982
4.941647 -0.000784
4.948316 -0.000586
4.954985 -0.000391
4.961654 -0.000199
4.968323 -0.000013
4.974992 0.000165
4.981661 0.000334
4.988329 0.000491
4.994998 0.000637
5.001667 0.000768
5.008336 0.000884
5.015005 0.000984
5.021674 0.001067
5.028343 0.001131
5.035012 0.001177
5.041681 0.001204
5.048349 0.001210
5.055018 0.001198
5.061687 0.001165
5.068356 0.001114
5.075025 0.001044
5.081694 0.000955
5.088363 0.000849
5.095032 0.000728
5.101701 0.000591
5.108369 0.000440
5.115038 0.000277
5.121707 0.000103
5.128376 -0.000080
5.135045 -0.000270
5.141714 -0.000465
5.148383 -0.000664
5.155052 -0.000865
5.161721 -0.001065
5.168389 -0.001263
5.175058 -0.001457
5.181727 -0.001644
5.188396 -0.001824
5.195065 -0.001993
5.201734 -0.002152
5.208403 -0.002298
5.215072 -0.002430
5.221741 -0.002546
5.228409 -0.002646
5.235078 -0.002728
5.241747 -0.002792
5.248416 -0.002838
5.255085 -0.002865
5.261754 -0.002873
5.268423 -0.002861
5.275092 -0.002831
5.281761 -0.002783
5.288429 -0.002717
5.295098 -0.002634
5.301767 -0.002536
5.308436 -0.002422
5.315105 -0.002296
5.321774 -0.002158
5.328443 -0.002010
5.335112 -0.001853
5.341781 -0.001689
5.348449 -0.001521
5.355118 -0.001350
5.361787 -0.001178
5.368456 -0.001007
5.375125 -0.000839
5.381794 -0.000676
5.388463 -0.000520
5.395132 -0.000372
5.401801 -0.000235
5.408469 -0.000110
5.415138 0.000002
5.421807 0.000099
5.428476 0.000180
5.435145 0.000244
5.441814 0.000291
5.448483 0.000319
5.455152 0.000329
5.461821 0.000319
5.468489 0.000291
5.475158 0.000243
5.481827 0.000177
5.488496 0.000094
5.495165 -0.000007
5.501834 -0.000123
5.508503 -0.000254
5.515172 -0.000399
5.521841 -0.000555
5.528510 -0.000722
5.535178 -0.000897
5.541847 -0.001078
5.548516 -0.001264
5.555185 -0.001453
5.561854 -0.001642
5.568523 -0.001829
5.575192 -0.002013
5.581861 -0.002190
5.588530 -0.002360
5.595198 -0.002519
5.601867 -0.002667
5.608536 -0.002801
5.615205 -0.002920
5.621874 -0.003022
5.628543 -0.003106
5.635212 -0.003171
5.641881 -0.003216
5.648550 -0.003239
5.655218 -0.003241
5.661887 -0.003221
5.668556 -0.003180
5.675225 -0.003116
5.681894 -0.003031
5.688563 -0.002925
5.695232 -0.002800
5.701901 -0.002655
5.708570 -0.002493
5.715238 -0.002314
5.721907 -0.002121
5.728576 -0.001915
5.735245 -0.001699
5.741914 -0.001473
5.748583 -0.001241
5.755252 -0.001005
5.761921 -0.000767
5.768590 -0.000529
5.775258 -0.000295
5.781927 -0.000065
5.788596 0.000156
5.795265 0.000368
5.801934 0.000567
5.808603 0.000752
5.815272 0.000921
5.821941 0.001071
5.828610 0.001201
5.835278 0.001310
5.841947 0.001396
5.848616 0.001459
5.855285 0.001497
5.861954 0.001509
5.868623 0.001497
5.875292 0.001458
5.881961 0.001394
5.888630 0.001305
5.895298 0.001192
5.901967 0.001055
5.908636 0.000896
5.915305 0.000716
5.921974 0.000517
5.928643 0.000300
5.935312 0.000069
5.941981 -0.000176
5.948650 -0.000432
5.955318 -0.000696
5.961987 -0.000966
5.968656 -0.001239
5.975325 -0.001513
5.981994 -0.001784
5.988663 -0.002051
5.995332 -0.002310
6.002001 -0.002559
6.008670 -0.002795
6.015338 -0.003017
6.022007 -0.003222
6.028676 -0.003407
6.035345 -0.003571
6.042014 -0.003713
6.048683 -0.003830
6.055352 -0.003922
6.062021 -0.003988
6.068690 -0.004027
6.075358 -0.004039
6.082027 -0.004023
6.088696 -0.003979
6.095365 -0.003909
6.102034 -0.003813
6.108703 -0.003692
6.115372 -0.003547
6.122041 -0.003380
6.128710 -0.003192
6.135378 -0.002985
6.142047 -0.002763
6.148716 -0.002526
6.155385 -0.002278
6.162054 -0.002021
6.168723 -0.001759
6.175392 -0.001493
6.182061 -0.001226
6.188730 -0.000963
6.195398 -0.000705
6.202067 -0.000455
6.208736 -0.000216
6.215405 0.000009
6.222074 0.000217
6.228743 0.000407
6.235412 0.000576
6.242081 0.000722
6.248750 0.000843
6.255418 0.000938
6.262087 0.001006
6.268756 0.001046
6.275425 0.001056
6.282094 0.001038
6.288763 0.000989
6.295432 0.000912
6.302101 0.000806
6.308770 0.000673
6.315438 0.000513
6.322107 0.000328
6.328776 0.000120
6.335445 -0.000110
6.342114 -0.000358
6.348783 -0.000623
6.355452 -0.000902
6.362121 -0.001192
6.368790 -0.001490
6.375458 -0.001793
6.382127 -0.002098
6.388796 -0.002402
6.395465 -0.002702
6.402134 -0.002994
6.408803 -0.003275
6.415472 -0.003543
6.422141 -0.003794
6.428810 -0.004026
6.435478 -0.004236
6.442147 -0.004422
6.448816 -0.004582
6.455485 -0.004714
6.462154 -0.004816
6.468823 -0.004887
6.475492 -0.004927
6.482161 -0.004934
6.488830 -0.004909
6.495498 -0.004851
6.502167 -0.004760
6.508836 -0.004639
6.515505 -0.004488
6.522174 -0.004307
6.528843 -0.004100
6.535512 -0.003868
6.542181 -0.003613
6.548850 -0.003339
6.555519 -0.003047
6.562187 -0.002741
6.568856 -0.002425
6.575525 -0.002101
6.582194 -0.001773
6.588863 -0.001444
6.595532 -0.001119
6.602201 -0.000800
6.608870 -0.000492
6.615539 -0.000197
6.622207 0.000081
6.628876 0.000339
6.635545 0.000574
6.642214 0.000783
6.648883 0.000963
6.655552 0.001113
6.662221 0.001230
6.668890 0.001313
6.675559 0.001361
6.682227 0.001372
6.688896 0.001347
6.695565 0.001285
6.702234 0.001186
6.708903 0.001051
6.715572 0.000882
6.722241 0.000679
6.728910 0.000445
6.735579 0.000181
6.742247 -0.000109
6.748916 -0.000424
6.755585 -0.000759
6.762254 -0.001111
6.768923 -0.001477
6.775592 -0.001852
6.782261 -0.002234
6.788930 -0.002617
6.795599 -0.002997
6.802267 -0.003370
6.808936 -0.003733
6.815605 -0.004079
6.822274 -0.004406
6.828943 -0.004710
6.835612 -0.004986
6.842281 -0.005230
6.848950 -0.005439
6.855619 -0.005611
6.862287 -0.005741
6.868956 -0.005827
6.875625 -0.005867
6.882294 -0.005858
6.888963 -0.005799
6.895632 -0.005688
6.902301 -0.005525
6.908970 -0.005309
6.915639 -0.005038
6.922307 -0.004714
6.928976 -0.004336
6.935645 -0.003904
6.942314 -0.003420
6.948983 -0.002883
6.955652 -0.002296
6.962321 -0.001659
6.968990 -0.000974
6.975659 -0.000240
6.982327 0.000539
6.988996 0.001365
6.995665 0.002235
7.002334 0.003149
7.009003 0.004106
7.015672 0.005108
7.022341 0.006155
7.029010 0.007247
7.035679 0.008385
7.042347 0.009573
7.049016 0.010813
7.055685 0.012109
7.062354 0.013464
7.069023 0.014883
7.075692 0.016373
7.082361 0.017940
7.089030 0.019592
7.095699 0.021336
7.102367 0.023183
7.109036 0.025142
7.115705 0.027225
7.122374 0.029443
7.129043 0.031809
7.135712 0.034336
7.142381 0.037039
7.149050 0.039932
7.155719 0.043031
7.162387 0.046351
7.169056 0.049910
7.175725 0.053724
7.182394 0.057811
7.189063 0.062186
7.195732 0.066869
7.202401 0.071876
7.209070 0.077223
7.215739 0.082929
7.222407 0.089009
7.229076 0.095479
7.235745 0.102354
7.242414 0.109649
7.249083 0.117376
7.255752 0.125549
7.262421 0.134178
7.269090 0.143272
7.275759 0.152841
7.282427 0.162890
7.289096 0.173424
7.295765 0.184447
7.302434 0.195960
7.309103 0.207962
7.315772 0.220451
7.322441 0.233421
7.329110 0.246865
7.335779 0.260774
7.342447 0.275137
7.349116 0.289938
7.355785 0.305163
7.362454 0.320792
7.369123 0.336805
7.375792 0.353179
7.382461 0.369888
7.389130 0.386904
7.395799 0.404199
7.402467 0.421741
7.409136 0.439497
7.415805 0.457430
7.422474 0.475505
7.429143 0.493683
7.435812 0.511923
7.442481 0.530185
7.449150 0.548427
7.455819 0.566604
7.462487 0.584674
7.469156 0.602592
7.475825 0.620312
7.482494 0.637789
7.489163 0.654978
7.495832 0.671835
7.502501 0.688314
7.509170 0.704370
7.515839 0.719962
7.522508 0.735045
7.529176 0.749579
7.535845 0.763522
7.542514 0.776838
7.549183 0.789487
7.555852 0.801436
7.562521 0.812650
7.569190 0.823098
7.575859 0.832751
7.582528 0.841582
7.589196 0.849566
7.595865 0.856681
7.602534 0.862909
7.609203 0.868232
7.615872 0.872636
7.622541 0.876111
7.629210 0.878647
7.635879 0.880239
7.642548 0.880885
7.649216 0.880584
7.655885 0.879339
7.662554 0.877156
7.669223 0.874044
7.675892 0.870012
7.682561 0.865075
7.689230 0.859250
7.695899 0.852553
7.702568 0.845007
7.709236 0.836635
7.715905 0.827461
7.722574 0.817513
7.729243 0.806821
7.735912 0.795414
7.742581 0.783325
7.749250 0.770588
7.755919 0.757238
7.762588 0.743312
7.769256 0.728847
7.775925 0.713880
7.782594 0.698451
7.789263 0.682600
7.795932 0.666365
7.802601 0.649787
7.809270 0.632905
7.815939 0.615761
7.822608 0.598394
7.829276 0.580844
7.835945 0.563149
7.842614 0.545348
7.849283 0.527480
7.855952 0.509582
7.862621 0.491689
7.869290 0.473837
7.875959 0.456060
7.882628 0.438391
7.889296 0.420863
7.895965 0.403505
7.902634 0.386347
7.909303 0.369416
7.915972 0.352739
7.922641 0.336339
7.929310 0.320242
7.935979 0.304467
7.942648 0.289035
7.949316 0.273965
7.955985 0.259272
7.962654 0.244973
7.969323 0.231080
7.975992 0.217606
7.982661 0.204560
7.989330 0.191951
7.995999 0.179787
8.002668 0.168072
8.009336 0.156811
8.016005 0.146007
8.022674 0.135660
8.029343 0.125771
8.036012 0.116337
8.042681 0.107356
8.049350 0.098824
8.056019 0.090735
8.062688 0.083083
8.069356 0.075860
8.076025 0.069058
8.082694 0.062668
8.089363 0.056678
8.096032 0.051078
8.102701 0.045857
8.109370 0.041000
8.116039 0.036495
8.122708 0.032329
8.129376 0.028487
8.136045 0.024954
8.142714 0.021716
8.149383 0.018757
8.156052 0.016062
8.162721 0.013615
8.169390 0.011401
8.176059 0.009404
8.182728 0.007609
8.189396 0.006001
8.196065 0.004563
8.202734 0.003283
8.209403 0.002144
8.216072 0.001133
8.222741 0.000237
8.229410 -0.000558
8.236079 -0.001265
8.242748 -0.001894
8.249416 -0.002458
8.256085 -0.002967
8.262754 -0.003431
8.269423 -0.003859
8.276092 -0.004259
8.282761 -0.004639
8.289430 -0.005005
8.296099 -0.005363
8.302768 -0.005718
8.309436 -0.006074
8.316105 -0.006435
8.322774 -0.006802
8.329443 -0.007178
8.336112 -0.007562
8.342781 -0.007955
8.349450 -0.008355
8.356119 -0.008762
8.362788 -0.009172
8.369456 -0.009583
8.376125 -0.009991
8.382794 -0.010391
8.389463 -0.010779
8.396132 -0.011150
8.402801 -0.011497
8.409470 -0.011814
8.416139 -0.012096
8.422808 -0.012334
8.429476 -0.012524
8.436145 -0.012657
8.442814 -0.012726
8.449483 -0.012726
8.456152 -0.012647
8.462821 -0.012485
8.469490 -0.012232
8.476159 -0.011882
8.482828 -0.011429
8.489496 -0.010867
8.496165 -0.010191
8.502834 -0.009397
8.509503 -0.008480
8.516172 -0.007436
8.522841 -0.006262
8.529510 -0.004956
8.536179 -0.003515
8.542848 -0.001938
8.549517 -0.000225
8.556185 0.001626
8.562854 0.003613
8.569523 0.005735
8.576192 0.007992
8.582861 0.010381
8.589530 0.012899
8.596199 0.015544
8.602868 0.018313
8.609537 0.021200
8.616205 0.024203
8.622874 0.027318
8.629543 0.030539
8.636212 0.033862
8.642881 0.037283
8.649550 0.040797
8.656219 0.044400
8.662888 0.048088
8.669557 0.051856
8.676225 0.055701
8.682894 0.059621
8.689563 0.063612
8.696232 0.067672
8.702901 0.071800
8.709570 0.075996
8.716239 0.080259
8.722908 0.084591
8.729577 0.088993
8.736245 0.093468
8.742914 0.098021
8.749583 0.102656
8.756252 0.107379
8.762921 0.112197
8.769590 0.117118
8.776259 0.122152
8.782928 0.127309
8.789597 0.132601
8.796265 0.138040
8.802934 0.143640
8.809603 0.149417
8.816272 0.155386
8.822941 0.161565
8.829610 0.167970
8.836279 0.174623
8.842948 0.181541
8.849617 0.188747
8.856285 0.196261
8.862954 0.204106
8.869623 0.212305
8.876292 0.220882
8.882961 0.229860
8.889630 0.239265
8.896299 0.249121
8.902968 0.259454
8.909637 0.270289
8.916305 0.281652
8.922974 0.293569
8.929643 0.306067
8.936312 0.319171
8.942981 0.332908
8.949650 0.347304
8.956319 0.362384
8.962988 0.378175
8.969657 0.394701
8.976325 0.411989
8.982994 0.430063
8.989663 0.448948
8.996332 0.468669
9.003001 0.489249
9.009670 0.510712
9.016339 0.533083
9.023008 0.556382
9.029677 0.580635
9.036345 0.605861
9.043014 0.632084
9.049683 0.659324
9.056352 0.687602
9.063021 0.716939
9.069690 0.747354
9.076359 0.778868
9.083028 0.811498
9.089697 0.845264
9.096365 0.880184
9.103034 0.916274
9.109703 0.953551
9.116372 0.992032
9.123041 1.031731
9.129710 1.072663
9.136379 1.114841
9.143048 1.158278
9.149717 1.202986
9.156385 1.248975
9.163054 1.296253
9.169723 1.344829
9.176392 1.394708
9.183061 1.445895
9.189730 1.498392
9.196399 1.552201
9.203068 1.607319
9.209737 1.663742
9.216405 1.721465
9.223074 1.780478
9.229743 1.840769
9.236412 1.902323
9.243081 1.965121
9.249750 2.029143
9.256419 2.094362
9.263088 2.160749
9.269757 2.228271
9.276425 2.296890
9.283094 2.366566
9.289763 2.437250
9.296432 2.508893
9.303101 2.581439
9.309770 2.654826
9.316439 2.728990
9.323108 2.803858
9.329777 2.879357
9.336445 2.955404
9.343114 3.031913
9.349783 3.108793
9.356452 3.185947
9.363121 3.263274
9.369790 3.340668
9.376459 3.418015
9.383128 3.495202
9.389797 3.572107
9.396465 3.648605
9.403134 3.724567
9.409803 3.799861
9.416472 3.874351
9.423141 3.947898
9.429810 4.020360
9.436479 4.091592
9.443148 4.161448
9.449817 4.229782
9.456485 4.296443
9.463154 4.361284
9.469823 4.424154
9.476492 4.484906
9.483161 4.543392
9.489830 4.599466
9.496499 4.652983
9.503168 4.703804
9.509837 4.751790
9.516506 4.796808
9.523174 4.838728
9.529843 4.877426
9.536512 4.912784
9.543181 4.944688
9.549850 4.973033
9.556519 4.997720
9.563188 5.018658
9.569857 5.035765
9.576526 5.048965
9.583194 5.058193
9.589863 5.063394
9.596532 5.064520
9.603201 5.061536
9.609870 5.054415
9.616539 5.043141
9.623208 5.027711
9.629877 5.008128
9.636546 4.984410
9.643214 4.956584
9.649883 4.924689
9.656552 4.888774
9.663221 4.848898
9.669890 4.805132
9.676559 4.757557
9.683228 4.706264
9.689897 4.651353
9.696566 4.592935
9.703234 4.531129
9.709903 4.466063
9.716572 4.397873
9.723241 4.326704
9.729910 4.252706
9.736579 4.176038
9.743248 4.096862
9.749917 4.015349
9.756586 3.931673
9.763254 3.846011
9.769923 3.758546
9.776592 3.669461
9.783261 3.578945
9.789930 3.487183
9.796599 3.394366
9.803268 3.300682
9.809937 3.206319
9.816606 3.111464
9.823274 3.016302
9.829943 2.921014
9.836612 2.825780
9.843281 2.730774
9.849950 2.636167
9.856619 2.542125
9.863288 2.448808
9.869957 2.356369
9.876626 2.264957
9.883294 2.174712
9.889963 2.085768
9.896632 1.998250
9.903301 1.912278
9.909970 1.827961
9.916639 1.745402
9.923308 1.664693
9.929977 1.585920
9.936646 1.509159
9.943314 1.434477
9.949983 1.361935
9.956652 1.291581
9.963321 1.223459
9.969990 1.157602
9.976659 1.094034
9.983328 1.032775
9.989997 0.973832
9.996666 0.917208
10.003334 0.862898
10.010003 0.810891
10.016672 0.761166
10.023341 0.713699
10.030010 0.668461
10.036679 0.625413
10.043348 0.584516
10.050017 0.545722
10.056686 0.508983
10.063354 0.474244
10.070023 0.441447
10.076692 0.410534
10.083361 0.381439
10.090030 0.354100
10.096699 0.328449
10.103368 0.304418
10.110037 0.281939
10.116706 0.260942
10.123374 0.241357
10.130043 0.223115
10.136712 0.206148
10.143381 0.190387
10.150050 0.175765
10.156719 0.162216
10.163388 0.149676
10.170057 0.138083
10.176726 0.127377
10.183394 0.117499
10.190063 0.108394
10.196732 0.100008
10.203401 0.092290
10.210070 0.085193
10.216739 0.078671
10.223408 0.072681
10.230077 0.067184
10.236746 0.062143
10.243414 0.057524
10.250083 0.053295
10.256752 0.049429
10.263421 0.045899
10.270090 0.042682
10.276759 0.039759
10.283428 0.037110
10.290097 0.034722
10.296766 0.032580
10.303434 0.030674
10.310103 0.028995
10.316772 0.027537
10.323441 0.026295
10.330110 0.025266
10.336779 0.024449
10.343448 0.023844
10.350117 0.023453
10.356786 0.023279
10.363454 0.023327
10.370123 0.023602
10.376792 0.024111
10.383461 0.024862
10.390130 0.025862
10.396799 0.027121
10.403468 0.028649
10.410137 0.030455
10.416806 0.032552
10.423474 0.034949
10.430143 0.037659
10.436812 0.040693
10.443481 0.044064
10.450150 0.047783
10.456819 0.051863
10.463488 0.056316
10.470157 0.061155
10.476826 0.066392
10.483494 0.072039
10.490163 0.078107
10.496832 0.084610
10.503501 0.091557
10.510170 0.098962
10.516839 0.106834
10.523508 0.115185
10.530177 0.124024
10.536846 0.133361
10.543515 0.143206
10.550183 0.153567
10.556852 0.164453
10.563521 0.175871
10.570190 0.187828
10.576859 0.200331
10.583528 0.213385
10.590197 0.226994
10.596866 0.241163
10.603535 0.255895
10.610203 0.271192
10.616872 0.287055
10.623541 0.303484
10.630210 0.320479
10.636879 0.338038
10.643548 0.356158
10.650217 0.374834
10.656886 0.394063
10.663555 0.413836
10.670223 0.434147
10.676892 0.454987
10.683561 0.476345
10.690230 0.498212
10.696899 0.520573
10.703568 0.543416
10.710237 0.566725
10.716906 0.590484
10.723575 0.614676
10.730243 0.639283
10.736912 0.664284
10.743581 0.689658
10.750250 0.715385
10.756919 0.741440
10.763588 0.767799
10.770257 0.794439
10.776926 0.821332
10.783595 0.848452
10.790263 0.875772
10.796932 0.903264
10.803601 0.930898
10.810270 0.958645
10.816939 0.986475
10.823608 1.014358
10.830277 1.042263
10.836946 1.070158
10.843615 1.098014
10.850283 1.125797
10.856952 1.153477
10.863621 1.181021
10.870290 1.208399
10.876959 1.235578
10.883628 1.262528
10.890297 1.289218
10.896966 1.315616
10.903635 1.341692
10.910303 1.367416
10.916972 1.392758
10.923641 1.417689
10.930310 1.442181
10.936979 1.466204
10.943648 1.489731
10.950317 1.512735
10.956986 1.535189
10.963655 1.557068
10.970323 1.578345
10.976992 1.598996
10.983661 1.618997
10.990330 1.638324
10.996999 1.656954
11.003668 1.674866
11.010337 1.692036
11.017006 1.708444
11.023675 1.724070
11.030343 1.738894
11.037012 1.752897
11.043681 1.766060
11.050350 1.778366
11.057019 1.789797
11.063688 1.800337
11.070357 1.809971
11.077026 1.818682
11.083695 1.826458
11.090363 1.833284
11.097032 1.839147
11.103701 1.844037
11.110370 1.847942
11.117039 1.850852
11.123708 1.852758
11.130377 1.853652
11.137046 1.853528
11.143715 1.852379
11.150383 1.850201
11.157052 1.846991
11.163721 1.842747
11.170390 1.837469
11.177059 1.831158
11.183728 1.823817
11.190397 1.815449
11.197066 1.806061
11.203735 1.795660
11.210403 1.784257
11.217072 1.771862
11.223741 1.758490
11.230410 1.744155
11.237079 1.728875
11.243748 1.712669
11.250417 1.695560
11.257086 1.677571
11.263755 1.658727
11.270423 1.639058
11.277092 1.618593
11.283761 1.597364
11.290430 1.575405
11.297099 1.552754
11.303768 1.529448
11.310437 1.505528
11.317106 1.481036
11.323775 1.456016
11.330443 1.430513
11.337112 1.404574
11.343781 1.378248
11.350450 1.351585
11.357119 1.324636
11.363788 1.297452
11.370457 1.270086
11.377126 1.242592
11.383795 1.215024
11.390463 1.187435
11.397132 1.159881
11.403801 1.132415
11.410470 1.105091
11.417139 1.077962
11.423808 1.051082
11.430477 1.024502
11.437146 0.998272
11.443815 0.972443
11.450483 0.947062
11.457152 0.922175
11.463821 0.897827
11.470490 0.874060
11.477159 0.850915
11.483828 0.828428
11.490497 0.806635
11.497166 0.785570
11.503835 0.765261
11.510504 0.745735
11.517172 0.727017
11.523841 0.709128
11.530510 0.692084
11.537179 0.675901
11.543848 0.660590
11.550517 0.646158
11.557186 0.632611
11.563855 0.619949
11.570524 0.608172
11.577192 0.597274
11.583861 0.587246
11.590530 0.578078
11.597199 0.569756
11.603868 0.562261
11.610537 0.555575
11.617206 0.549675
11.623875 0.544535
11.630544 0.540128
11.637212 0.536423
11.643881 0.533390
11.650550 0.530994
11.657219 0.529200
11.663888 0.527971
11.670557 0.527268
11.677226 0.527052
11.683895 0.527282
11.690564 0.527916
11.697232 0.528914
11.703901 0.530232
11.710570 0.531828
11.717239 0.533660
11.723908 0.535685
11.730577 0.537862
11.737246 0.540149
11.743915 0.542506
11.750584 0.544894
11.757252 0.547273
11.763921 0.549607
11.770590 0.551860
11.777259 0.553999
11.783928 0.555990
11.790597 0.557803
11.797266 0.559409
11.803935 0.560783
11.810604 0.561900
11.817272 0.562738
11.823941 0.563277
11.830610 0.563501
11.837279 0.563396
11.843948 0.562950
11.850617 0.562153
11.857286 0.561001
11.863955 0.559488
11.870624 0.557616
11.877292 0.555387
11.883961 0.552806
11.890630 0.549881
11.897299 0.546625
11.903968 0.543052
11.910637 0.539180
11.917306 0.535028
11.923975 0.530621
11.930644 0.525985
11.937312 0.521150
11.943981 0.516149
11.950650 0.511016
11.957319 0.505790
11.963988 0.500513
11.970657 0.495228
11.977326 0.489981
11.983995 0.484822
11.990664 0.479802
11.997332 0.474976
12.004001 0.470398
12.010670 0.466129
12.017339 0.462229
12.024008 0.458759
12.030677 0.455783
12.037346 0.453368
12.044015 0.451580
12.050684 0.450487
12.057352 0.450158
12.064021 0.450663
12.070690 0.452073
12.077359 0.454456
12.084028 0.457884
12.090697 0.462427
12.097366 0.468154
12.104035 0.475133
12.110704 0.483432
12.117372 0.493116
12.124041 0.504249
12.130710 0.516893
12.137379 0.531107
12.144048 0.546947
12.150717 0.564465
12.157386 0.583711
12.164055 0.604730
12.170724 0.627563
12.177392 0.652246
12.184061 0.678811
12.190730 0.707283
12.197399 0.737683
12.204068 0.770025
12.210737 0.804317
12.217406 0.840561
12.224075 0.878751
12.230744 0.918875
12.237412 0.960913
12.244081 1.004839
12.250750 1.050618
12.257419 1.098208
12.264088 1.147559
12.270757 1.198612
12.277426 1.251303
12.284095 1.305557
12.290764 1.361294
12.297432 1.418423
12.304101 1.476849
12.310770 1.536467
12.317439 1.597166
12.324108 1.658828
12.330777 1.721327
12.337446 1.784532
12.344115 1.848306
12.350784 1.912507
12.357452 1.976985
12.364121 2.041589
12.370790 2.106162
12.377459 2.170543
12.384128 2.234570
12.390797 2.298077
12.397466 2.360896
12.404135 2.422859
12.410804 2.483797
12.417472 2.543541
12.424141 2.601924
12.430810 2.658779
12.437479 2.713943
12.444148 2.767256
12.450817 2.818559
12.457486 2.867700
12.464155 2.914533
12.470824 2.958916
12.477492 3.000712
12.484161 3.039795
12.490830 3.076043
12.497499 3.109344
12.504168 3.139595
12.510837 3.166700
12.517506 3.190576
12.524175 3.211147
12.530844 3.228349
12.537513 3.242129
12.544181 3.252443
12.550850 3.259260
12.557519 3.262561
12.564188 3.262335
12.570857 3.258586
12.577526 3.251329
12.584195 3.240588
12.590864 3.226400
12.597533 3.208813
12.604201 3.187886
12.610870 3.163688
12.617539 3.136298
12.624208 3.105806
12.630877 3.072310
12.637546 3.035918
12.644215 2.996746
12.650884 2.954917
12.657553 2.910563
12.664221 2.863821
12.670890 2.814835
12.677559 2.763755
12.684228 2.710733
12.690897 2.655928
12.697566 2.599501
12.704235 2.541615
12.710904 2.482436
12.717573 2.422130
12.724241 2.360864
12.730910 2.298806
12.737579 2.236120
12.744248 2.172972
12.750917 2.109522
12.757586 2.045932
12.764255 1.982356
12.770924 1.918947
12.777593 1.855852
12.784261 1.793214
12.790930 1.731170
12.797599 1.669853
12.804268 1.609388
12.810937 1.549894
12.817606 1.491484
12.824275 1.434264
12.830944 1.378333
12.837613 1.323783
12.844281 1.270699
12.850950 1.219159
12.857619 1.169232
12.864288 1.120983
12.870957 1.074467
12.877626 1.029734
12.884295 0.986827
12.890964 0.945781
12.897633 0.906627
12.904301 0.869388
12.910970 0.834082
12.917639 0.800721
12.924308 0.769312
12.930977 0.739857
12.937646 0.712355
12.944315 0.686798
12.950984 0.663177
12.957653 0.641476
12.964321 0.621679
12.970990 0.603766
12.977659 0.587713
12.984328 0.573497
12.990997 0.561089
12.997666 0.550463
13.004335 0.541586
13.011004 0.534430
13.017673 0.528960
13.024341 0.525146
13.031010 0.522953
13.037679 0.522348
13.044348 0.523296
13.051017 0.525765
13.057686 0.529719
13.064355 0.535125
13.071024 0.541948
13.077693 0.550154
13.084361 0.559709
13.091030 0.570580
13.097699 0.582731
13.104368 0.596129
13.111037 0.610739
13.117706 0.626527
13.124375 0.643457
13.131044 0.661494
13.137713 0.680602
13.144381 0.700743
13.151050 0.721880
13.157719 0.743974
13.164388 0.766986
13.171057 0.790875
13.177726 0.815599
13.184395 0.841114
13.191064 0.867375
13.197733 0.894337
13.204401 0.921952
13.211070 0.950170
13.217739 0.978941
13.224408 1.008213
13.231077 1.037933
13.237746 1.068045
13.244415 1.098495
13.251084 1.129224
13.257753 1.160174
13.264421 1.191288
13.271090 1.222505
13.277759 1.253765
13.284428 1.285008
13.291097 1.316174
13.297766 1.347202
13.304435 1.378035
13.311104 1.408612
13.317773 1.438877
13.324441 1.468774
13.331110 1.498246
13.337779 1.527244
13.344448 1.555715
13.351117 1.583612
13.357786 1.610890
13.364455 1.637508
13.371124 1.663426
13.377793 1.688609
13.384461 1.713027
13.391130 1.736652
13.397799 1.759461
13.404468 1.781436
13.411137 1.802561
13.417806 1.822826
13.424475 1.842227
13.431144 1.860764
13.437813 1.878438
13.444481 1.895260
13.451150 1.911242
13.457819 1.926402
13.464488 1.940760
13.471157 1.954343
13.477826 1.967179
13.484495 1.979303
13.491164 1.990749
13.497833 2.001558
13.504502 2.011772
13.511170 2.021434
13.517839 2.030592
13.524508 2.039292
13.531177 2.047585
13.537846 2.055519
13.544515 2.063145
13.551184 2.070512
13.557853 2.077669
13.564522 2.084665
13.571190 2.091546
13.577859 2.098357
13.584528 2.105139
13.591197 2.111932
13.597866 2.118771
13.604535 2.125691
13.611204 2.132718
13.617873 2.139877
13.624542 2.147188
13.631210 2.154666
13.637879 2.162321
13.644548 2.170156
13.651217 2.178172
13.657886 2.186362
13.664555 2.194713
13.671224 2.203209
13.677893 2.211827
13.684562 2.220537
13.691230 2.229306
13.697899 2.238095
13.704568 2.246860
13.711237 2.255551
13.717906 2.264115
13.724575 2.272495
13.731244 2.280629
13.737913 2.288451
13.744582 2.295895
13.751250 2.302888
13.757919 2.309360
13.764588 2.315235
13.771257 2.320437
13.777926 2.324892
13.784595 2.328522
13.791264 2.331254
13.797933 2.333011
13.804602 2.333721
13.811270 2.333314
13.817939 2.331722
13.824608 2.328880
13.831277 2.324726
13.837946 2.319204
13.844615 2.312262
13.851284 2.303853
13.857953 2.293934
13.864622 2.282470
13.871290 2.269431
13.877959 2.254794
13.884628 2.238543
13.891297 2.220667
13.897966 2.201163
13.904635 2.180038
13.911304 2.157302
13.917973 2.132974
13.924642 2.107081
13.931310 2.079656
13.937979 2.050739
13.944648 2.020379
13.951317 1.988630
13.957986 1.955552
13.964655 1.921212
13.971324 1.885682
13.977993 1.849041
13.984662 1.811373
13.991330 1.772765
13.997999 1.733310
14.004668 1.693103
14.011337 1.652245
14.018006 1.610837
14.024675 1.568984
14.031344 1.526792
14.038013 1.484369
14.044682 1.441823
14.051350 1.399263
14.058019 1.356796
14.064688 1.314530
14.071357 1.272570
14.078026 1.231021
14.084695 1.189984
14.091364 1.149557
14.098033 1.109838
14.104702 1.070917
14.111370 1.032882
14.118039 0.995818
14.124708 0.959803
14.131377 0.924911
14.138046 0.891211
14.144715 0.858768
14.151384 0.827638
14.158053 0.797875
14.164722 0.769524
14.171390 0.742626
14.178059 0.717216
14.184728 0.693323
14.191397 0.670970
14.198066 0.650173
14.204735 0.630944
14.211404 0.613289
14.218073 0.597207
14.224742 0.582695
14.231410 0.569742
14.238079 0.558332
14.244748 0.548446
14.251417 0.540061
14.258086 0.533147
14.264755 0.527672
14.271424 0.523601
14.278093 0.520895
14.284762 0.519512
14.291430 0.519406
14.298099 0.520530
14.304768 0.522835
14.311437 0.526269
14.318106 0.530779
14.324775 0.536311
14.331444 0.542809
14.338113 0.550216
14.344782 0.558476
14.351450 0.567531
14.358119 0.577323
14.364788 0.587795
14.371457 0.598889
14.378126 0.610547
14.384795 0.622713
14.391464 0.635332
14.398133 0.648346
14.404802 0.661703
14.411470 0.675348
14.418139 0.689228
14.424808 0.703293
14.431477 0.717492
14.438146 0.731775
14.444815 0.746096
14.451484 0.760407
14.458153 0.774663
14.464822 0.788822
14.471490 0.802840
14.478159 0.816677
14.484828 0.830293
14.491497 0.843651
14.498166 0.856715
14.504835 0.869450
14.511504 0.881822
14.518173 0.893802
14.524842 0.905359
14.531511 0.916465
14.538179 0.927095
14.544848 0.937226
14.551517 0.946834
14.558186 0.955900
14.564855 0.964408
14.571524 0.972340
14.578193 0.979685
14.584862 0.986432
14.591531 0.992573
14.598199 0.998102
14.604868 1.003018
14.611537 1.007320
14.618206 1.011011
14.624875 1.014099
14.631544 1.016593
14.638213 1.018505
14.644882 1.019852
14.651551 1.020653
14.658219 1.020931
14.664888 1.020712
14.671557 1.020027
14.678226 1.018907
14.684895 1.017391
14.691564 1.015519
14.698233 1.013334
14.704902 1.010882
14.711571 1.008215
14.718239 1.005386
14.724908 1.002450
14.731577 0.999467
14.738246 0.996499
14.744915 0.993609
14.751584 0.990864
14.758253 0.988332
14.764922 0.986082
14.771591 0.984186
14.778259 0.982715
14.784928 0.981742
14.791597 0.981340
14.798266 0.981582
14.804935 0.982539
14.811604 0.984283
14.818273 0.986884
14.824942 0.990410
14.831611 0.994927
14.838279 1.000498
14.844948 1.007183
14.851617 1.015040
14.858286 1.024121
14.864955 1.034475
14.871624 1.046146
14.878293 1.059172
14.884962 1.073588
14.891631 1.089419
14.898299 1.106689
14.904968 1.125413
14.911637 1.145597
14.918306 1.167246
14.924975 1.190352
14.931644 1.214903
14.938313 1.240880
14.944982 1.268254
14.951651 1.296991
14.958319 1.327048
14.964988 1.358376
14.971657 1.390917
14.978326 1.424607
14.984995 1.459374
14.991664 1.495140
14.998333 1.531820
15.005002 1.569322
15.011671 1.607548
15.018339 1.646397
15.025008 1.685759
15.031677 1.725522
15.038346 1.765568
15.045015 1.805776
15.051684 1.846021
15.058353 1.886176
15.065022 1.926111
15.071691 1.965695
15.078359 2.004795
15.085028 2.043280
15.091697 2.081015
15.098366 2.117870
15.105035 2.153714
15.111704 2.188419
15.118373 2.221858
15.125042 2.253908
15.131711 2.284452
15.138379 2.313374
15.145048 2.340565
15.151717 2.365920
15.158386 2.389340
15.165055 2.410733
15.171724 2.430013
15.178393 2.447103
15.185062 2.461930
15.191731 2.474431
15.198399 2.484551
15.205068 2.492243
15.211737 2.497467
15.218406 2.500195
15.225075 2.500403
15.231744 2.498078
15.238413 2.493218
15.245082 2.485826
15.251751 2.475915
15.258419 2.463506
15.265088 2.448629
15.271757 2.431321
15.278426 2.411629
15.285095 2.389606
15.291764 2.365310
15.298433 2.338811
15.305102 2.310181
15.311771 2.279500
15.318439 2.246855
15.325108 2.212334
15.331777 2.176035
15.338446 2.138056
15.345115 2.098501
15.351784 2.057478
15.358453 2.015096
15.365122 1.971466
15.371791 1.926703
15.378459 1.880922
15.385128 1.834238
15.391797 1.786768
15.398466 1.738626
15.405135 1.689930
15.411804 1.640792
15.418473 1.591325
15.425142 1.541639
15.431811 1.491843
15.438479 1.442042
15.445148 1.392339
15.451817 1.342832
15.458486 1.293617
15.465155 1.244784
15.471824 1.196422
15.478493 1.148613
15.485162 1.101434
15.491831 1.054960
15.498499 1.009258
15.505168 0.964394
15.511837 0.920424
15.518506 0.877404
15.525175 0.835381
15.531844 0.794400
15.538513 0.754499
15.545182 0.715711
15.551851 0.678066
15.558520 0.641588
15.565188 0.606296
15.571857 0.572206
15.578526 0.539329
15.585195 0.507671
15.591864 0.477235
15.598533 0.448020
15.605202 0.420022
15.611871 0.393234
15.618540 0.367643
15.625208 0.343236
15.631877 0.319997
15.638546 0.297907
15.645215 0.276944
15.651884 0.257085
15.658553 0.238305
15.665222 0.220578
15.671891 0.203874
15.678560 0.188166
15.685228 0.173421
15.691897 0.159610
15.698566 0.146700
15.705235 0.134659
15.711904 0.123454
15.718573 0.113052
15.725242 0.103421
15.731911 0.094526
15.738580 0.086337
15.745248 0.078819
15.751917 0.071941
15.758586 0.065672
15.765255 0.059980
15.771924 0.054835
15.778593 0.050207
15.785262 0.046067
15.791931 0.042387
15.798600 0.039140
15.805268 0.036298
15.811937 0.033837
15.818606 0.031730
15.825275 0.029956
15.831944 0.028490
15.838613 0.027310
15.845282 0.026395
15.851951 0.025726
15.858620 0.025283
15.865288 0.025047
15.871957 0.025002
15.878626 0.025131
15.885295 0.025418
15.891964 0.025849
15.898633 0.026410
15.905302 0.027088
15.911971 0.027871
15.918640 0.028748
15.925308 0.029709
15.931977 0.030744
15.938646 0.031845
15.945315 0.033004
15.951984 0.034213
15.958653 0.035468
15.965322 0.036761
15.971991 0.038090
15.978660 0.039448
15.985328 0.040834
15.991997 0.042245
15.998666 0.043678
16.005335 0.045134
16.012004 0.046610
16.018673 0.048107
16.025342 0.049626
16.032011 0.051167
16.038680 0.052733
16.045348 0.054326
16.052017 0.055947
16.058686 0.057601
16.065355 0.059290
16.072024 0.061017
16.078693 0.062788
16.085362 0.064605
16.092031 0.066474
16.098700 0.068399
16.105368 0.070384
16.112037 0.072433
16.118706 0.074552
16.125375 0.076744
16.132044 0.079015
16.138713 0.081368
16.145382 0.083807
16.152051 0.086335
16.158720 0.088957
16.165388 0.091675
16.172057 0.094491
16.178726 0.097408
16.185395 0.100428
16.192064 0.103550
16.198733 0.106777
16.205402 0.110108
16.212071 0.113542
16.218740 0.117079
16.225408 0.120716
16.232077 0.124450
16.238746 0.128280
16.245415 0.132201
16.252084 0.136208
16.258753 0.140298
16.265422 0.144464
16.272091 0.148700
16.278760 0.153000
16.285428 0.157356
16.292097 0.161761
16.298766 0.166208
16.305435 0.170686
16.312104 0.175188
16.318773 0.179705
16.325442 0.184226
16.332111 0.188744
16.338780 0.193247
16.345448 0.197726
16.352117 0.202172
16.358786 0.206574
16.365455 0.210923
16.372124 0.215209
16.378793 0.219423
16.385462 0.223556
16.392131 0.227598
16.398800 0.231542
16.405468 0.235379
16.412137 0.239101
16.418806 0.242701
16.425475 0.246173
16.432144 0.249510
16.438813 0.252707
16.445482 0.255758
16.452151 0.258659
16.458820 0.261406
16.465488 0.263996
16.472157 0.266426
16.478826 0.268694
16.485495 0.270798
16.492164 0.272739
16.498833 0.274515
16.505502 0.276126
16.512171 0.277574
16.518840 0.278860
16.525509 0.279985
16.532177 0.280953
16.538846 0.281765
16.545515 0.282424
16.552184 0.282934
16.558853 0.283299
16.565522 0.283522
16.572191 0.283607
16.578860 0.283559
16.585529 0.283382
16.592197 0.283080
16.598866 0.282658
16.605535 0.282120
16.612204 0.281471
16.618873 0.280715
16.625542 0.279856
16.632211 0.278898
16.638880 0.277846
16.645549 0.276703
16.652217 0.275472
16.658886 0.274158
16.665555 0.272762
16.672224 0.271289
16.678893 0.269741
16.685562 0.268120
16.692231 0.266429
16.698900 0.264669
16.705569 0.262843
16.712237 0.260952
16.718906 0.258999
16.725575 0.256983
16.732244 0.254908
16.738913 0.252773
16.745582 0.250580
16.752251 0.248331
16.758920 0.246027
16.765589 0.243669
16.772257 0.241258
16.778926 0.238797
16.785595 0.236286
16.792264 0.233728
16.798933 0.231126
16.805602 0.228481
16.812271 0.225797
16.818940 0.223077
16.825609 0.220324
16.832277 0.217542
16.838946 0.214737
16.845615 0.211912
16.852284 0.209073
16.858953 0.206226
16.865622 0.203377
16.872291 0.200534
16.878960 0.197703
16.885629 0.194892
16.892297 0.192109
16.898966 0.189364
16.905635 0.186665
16.912304 0.184022
16.918973 0.181445
16.925642 0.178944
16.932311 0.176531
16.938980 0.174215
16.945649 0.172010
16.952317 0.169925
16.958986 0.167973
16.965655 0.166167
16.972324 0.164516
16.978993 0.163035
16.985662 0.161734
16.992331 0.160626
16.999000 0.159722
17.005669 0.159034
17.012337 0.158573
17.019006 0.158351
17.025675 0.158378
17.032344 0.158665
17.039013 0.159221
17.045682 0.160056
17.052351 0.161178
17.059020 0.162597
17.065689 0.164319
17.072357 0.166351
17.079026 0.168699
17.085695 0.171370
17.092364 0.174367
17.099033 0.177695
17.105702 0.181356
17.112371 0.185352
17.119040 0.189685
17.125709 0.194355
17.132377 0.199361
17.139046 0.204701
17.145715 0.210372
17.152384 0.216373
17.159053 0.222697
17.165722 0.229339
17.172391 0.236293
17.179060 0.243551
17.185729 0.251106
17.192397 0.258948
17.199066 0.267066
17.205735 0.275450
17.212404 0.284089
17.219073 0.292968
17.225742 0.302076
17.232411 0.311396
17.239080 0.320915
17.245749 0.330617
17.252417 0.340485
17.259086 0.350501
17.265755 0.360649
17.272424 0.370910
17.279093 0.381265
17.285762 0.391694
17.292431 0.402178
17.299100 0.412697
17.305769 0.423230
17.312437 0.433755
17.319106 0.444253
17.325775 0.454700
17.332444 0.465076
17.339113 0.475359
17.345782 0.485527
17.352451 0.495558
17.359120 0.505431
17.365789 0.515123
17.372457 0.524612
17.379126 0.533878
17.385795 0.542900
17.392464 0.551655
17.399133 0.560124
17.405802 0.568287
17.412471 0.576123
17.419140 0.583614
17.425809 0.590741
17.432477 0.597487
17.439146 0.603833
17.445815 0.609764
17.452484 0.615264
17.459153 0.620318
17.465822 0.624912
17.472491 0.629034
17.479160 0.632672
17.485829 0.635814
17.492497 0.638452
17.499166 0.640576
17.505835 0.642180
17.512504 0.643258
17.519173 0.643805
17.525842 0.643817
17.532511 0.643294
17.539180 0.642233
17.545849 0.640635
17.552518 0.638504
17.559186 0.635842
17.565855 0.632655
17.572524 0.628948
17.579193 0.624730
17.585862 0.620010
17.592531 0.614799
17.599200 0.609108
17.605869 0.602950
17.612538 0.596341
17.619206 0.589297
17.625875 0.581833
17.632544 0.573969
17.639213 0.565724
17.645882 0.557118
17.652551 0.548172
17.659220 0.538908
17.665889 0.529351
17.672558 0.519522
17.679226 0.509447
17.685895 0.499151
17.692564 0.488658
17.699233 0.477996
17.705902 0.467189
17.712571 0.456263
17.719240 0.445247
17.725909 0.434164
17.732578 0.423042
17.739246 0.411907
17.745915 0.400783
17.752584 0.389697
17.759253 0.378672
17.765922 0.367733
17.772591 0.356903
17.779260 0.346204
17.785929 0.335659
17.792598 0.325288
17.799266 0.315110
17.805935 0.305145
17.812604 0.295409
17.819273 0.285920
17.825942 0.276691
17.832611 0.267738
17.839280 0.259072
17.845949 0.250705
17.852618 0.242646
17.859286 0.234903
17.865955 0.227485
17.872624 0.220397
17.879293 0.213642
17.885962 0.207225
17.892631 0.201147
17.899300 0.195408
17.905969 0.190007
17.912638 0.184943
17.919306 0.180213
17.925975 0.175813
17.932644 0.171736
17.939313 0.167978
17.945982 0.164530
17.952651 0.161386
17.959320 0.158536
17.965989 0.155971
17.972658 0.153681
17.979326 0.151656
17.985995 0.149885
17.992664 0.148357
17.999333 0.147059
18.006002 0.145981
18.012671 0.145110
18.019340 0.144435
18.026009 0.143943
18.032678 0.143623
18.039346 0.143462
18.046015 0.143450
18.052684 0.143575
18.059353 0.143826
18.066022 0.144192
18.072691 0.144664
18.079360 0.145231
18.086029 0.145884
18.092698 0.146614
18.099366 0.147412
18.106035 0.148272
18.112704 0.149185
18.119373 0.150145
18.126042 0.151146
18.132711 0.152181
18.139380 0.153246
18.146049 0.154335
18.152718 0.155446
18.159386 0.156573
18.166055 0.157714
18.172724 0.158866
18.179393 0.160026
18.186062 0.161192
18.192731 0.162362
18.199400 0.163535
18.206069 0.164709
18.212738 0.165883
18.219406 0.167057
18.226075 0.168230
18.232744 0.169400
18.239413 0.170567
18.246082 0.171731
18.252751 0.172891
18.259420 0.174046
18.266089 0.175197
18.272758 0.176341
18.279426 0.177479
18.286095 0.178608
18.292764 0.179730
18.299433 0.180841
18.306102 0.181942
18.312771 0.183029
18.319440 0.184103
18.326109 0.185161
18.332778 0.186202
18.339446 0.187223
18.346115 0.188222
18.352784 0.189198
18.359453 0.190149
18.366122 0.191072
18.372791 0.191965
18.379460 0.192826
18.386129 0.193654
18.392798 0.194446
18.399466 0.195200
18.406135 0.195915
18.412804 0.196589
18.419473 0.197222
18.426142 0.197812
18.432811 0.198358
18.439480 0.198862
18.446149 0.199322
18.452818 0.199739
18.459486 0.200114
18.466155 0.200449
18.472824 0.200746
18.479493 0.201006
18.486162 0.201234
18.492831 0.201432
18.499500 0.201604
18.506169 0.201756
18.512838 0.201892
18.519507 0.202018
18.526175 0.202141
18.532844 0.202267
18.539513 0.202404
18.546182 0.202559
18.552851 0.202742
18.559520 0.202961
18.566189 0.203226
18.572858 0.203547
18.579527 0.203933
18.586195 0.204396
18.592864 0.204947
18.599533 0.205597
18.606202 0.206357
18.612871 0.207239
18.619540 0.208255
18.626209 0.209418
18.632878 0.210739
18.639547 0.212230
18.646215 0.213904
18.652884 0.215771
18.659553 0.217845
18.666222 0.220137
18.672891 0.222657
18.679560 0.225417
18.686229 0.228427
18.692898 0.231698
18.699567 0.235240
18.706235 0.239060
18.712904 0.243169
18.719573 0.247574
18.726242 0.252283
18.732911 0.257301
18.739580 0.262636
18.746249 0.268292
18.752918 0.274274
18.759587 0.280585
18.766255 0.287227
18.772924 0.294204
18.779593 0.301516
18.786262 0.309162
18.792931 0.317142
18.799600 0.325454
18.806269 0.334096
18.812938 0.343064
18.819607 0.352352
18.826275 0.361957
18.832944 0.371870
18.839613 0.382084
18.846282 0.392592
18.852951 0.403384
18.859620 0.414449
18.866289 0.425777
18.872958 0.437356
18.879627 0.449173
18.886295 0.461214
18.892964 0.473465
18.899633 0.485911
18.906302 0.498536
18.912971 0.511323
18.919640 0.524256
18.926309 0.537317
18.932978 0.550487
18.939647 0.563747
18.946315 0.577078
18.952984 0.590461
18.959653 0.603874
18.966322 0.617298
18.972991 0.630710
18.979660 0.644091
18.986329 0.657419
18.992998 0.670672
18.999667 0.683829
19.006335 0.696867
19.013004 0.709766
19.019673 0.722502
19.026342 0.735056
19.033011 0.747405
19.039680 0.759527
19.046349 0.771403
19.053018 0.783010
19.059687 0.794330
19.066355 0.805341
19.073024 0.816025
19.079693 0.826362
19.086362 0.836334
19.093031 0.845923
19.099700 0.855112
19.106369 0.863884
19.113038 0.872224
19.119707 0.880116
19.126375 0.887547
19.133044 0.894502
19.139713 0.900970
19.146382 0.906938
19.153051 0.912396
19.159720 0.917335
19.166389 0.921746
19.173058 0.925621
19.179727 0.928952
19.186395 0.931736
19.193064 0.933966
19.199733 0.935639
19.206402 0.936754
19.213071 0.937307
19.219740 0.937299
19.226409 0.936731
19.233078 0.935603
19.239747 0.933919
19.246415 0.931683
19.253084 0.928897
19.259753 0.925569
19.266422 0.921705
19.273091 0.917312
19.279760 0.912399
19.286429 0.906974
19.293098 0.901047
19.299767 0.894630
19.306435 0.887734
19.313104 0.880371
19.319773 0.872554
19.326442 0.864296
19.333111 0.855613
19.339780 0.846518
19.346449 0.837027
19.353118 0.827157
19.359787 0.816923
19.366455 0.806342
19.373124 0.795432
19.379793 0.784211
19.386462 0.772696
19.393131 0.760906
19.399800 0.748860
19.406469 0.736577
19.413138 0.724076
19.419807 0.711377
19.426475 0.698500
19.433144 0.685466
19.439813 0.672294
19.446482 0.659005
19.453151 0.645621
19.459820 0.632163
19.466489 0.618652
19.473158 0.605109
19.479827 0.591557
19.486495 0.578018
19.493164 0.564513
19.499833 0.551066
19.506502 0.537699
19.513171 0.524435
19.519840 0.511298
19.526509 0.498310
19.533178 0.485496
19.539847 0.472879
19.546516 0.460482
19.553184 0.448331
19.559853 0.436449
19.566522 0.424862
19.573191 0.413592
19.579860 0.402666
19.586529 0.392106
19.593198 0.381939
19.599867 0.372189
19.606536 0.362879
19.613204 0.354035
19.619873 0.345680
19.626542 0.337838
19.633211 0.330533
19.639880 0.323787
19.646549 0.317622
19.653218 0.312061
19.659887 0.307125
19.666556 0.302835
19.673224 0.299208
19.679893 0.296265
19.686562 0.294022
19.693231 0.292495
19.699900 0.291700
19.706569 0.291650
19.713238 0.292357
19.719907 0.293831
19.726576 0.296080
19.733244 0.299112
19.739913 0.302932
19.746582 0.307541
19.753251 0.312941
19.759920 0.319131
19.766589 0.326105
19.773258 0.333859
19.779927 0.342384
19.786596 0.351667
19.793264 0.361697
19.799933 0.372456
19.806602 0.383927
19.813271 0.396086
19.819940 0.408911
19.826609 0.422376
19.833278 0.436450
19.839947 0.451102
19.846616 0.466298
19.853284 0.482002
19.859953 0.498174
19.866622 0.514774
19.873291 0.531759
19.879960 0.549082
19.886629 0.566697
19.893298 0.584555
19.899967 0.602605
19.906636 0.620796
19.913304 0.639074
19.919973 0.657385
19.926642 0.675674
19.933311 0.693885
19.939980 0.711962
19.946649 0.729849
19.953318 0.747490
19.959987 0.764827
19.966656 0.781806
19.973324 0.798372
19.979993 0.814470
19.986662 0.830047
19.993331 0.845054
20.000000 0.859438
